# relative_time, cycles_done, cur_item, corpus_count, pending_total, pending_favs, map_size, saved_crashes, saved_hangs, max_depth, execs_per_sec, total_execs, edges_found, total_crashes, servers_count
63, 0, 0, 107, 105, 13, 56.04%, 0, 2, 2, 127.67, 1850, 552, 0, 0
68, 0, 0, 108, 106, 13, 56.14%, 0, 2, 2, 2.23, 1862, 553, 0, 0
74, 0, 0, 112, 110, 13, 56.24%, 0, 2, 2, 2.95, 2077, 554, 0, 0
81, 0, 0, 116, 114, 13, 56.75%, 0, 2, 2, 6.50, 2333, 559, 0, 0
86, 0, 0, 117, 115, 13, 57.06%, 0, 2, 2, 9.68, 2403, 562, 0, 0
91, 0, 0, 118, 116, 13, 57.26%, 0, 2, 2, 30.15, 2655, 564, 0, 0
97, 0, 0, 118, 116, 13, 57.26%, 0, 2, 2, 23.24, 2732, 564, 0, 0
102, 0, 0, 122, 120, 13, 57.87%, 0, 2, 2, 6.28, 2953, 570, 0, 0
107, 0, 0, 124, 122, 13, 58.07%, 0, 2, 2, 6.82, 2976, 572, 0, 0
113, 0, 0, 124, 122, 13, 58.07%, 0, 2, 2, 5.19, 2995, 572, 0, 0
118, 0, 0, 125, 123, 13, 58.17%, 0, 2, 2, 34.22, 3124, 573, 0, 0
123, 0, 0, 126, 124, 13, 58.17%, 0, 2, 2, 35.36, 3337, 573, 0, 0
128, 0, 0, 127, 125, 13, 58.17%, 0, 2, 2, 16.48, 3596, 573, 0, 0
134, 0, 0, 127, 125, 13, 58.17%, 0, 4, 2, 1.86, 3723, 573, 0, 0
139, 0, 0, 129, 127, 13, 58.17%, 0, 4, 2, 42.72, 3918, 573, 0, 0
145, 0, 0, 134, 132, 13, 58.78%, 0, 4, 2, 24.18, 4207, 579, 0, 0
150, 0, 0, 135, 133, 13, 58.88%, 0, 4, 2, 2.10, 4219, 580, 0, 0
159, 0, 0, 137, 135, 13, 58.98%, 0, 4, 2, 5.41, 4350, 581, 0, 0
164, 0, 0, 141, 139, 13, 59.49%, 0, 4, 2, 175.46, 4631, 586, 0, 0
171, 0, 0, 143, 141, 13, 59.59%, 0, 4, 2, 3.67, 4857, 587, 0, 0
178, 0, 0, 144, 142, 13, 59.59%, 0, 4, 2, 38.56, 5057, 587, 0, 0
183, 0, 0, 156, 154, 13, 59.90%, 0, 4, 2, 163.63, 5662, 590, 0, 0
188, 0, 0, 164, 162, 13, 60.51%, 0, 4, 2, 15.85, 6277, 596, 0, 0
194, 0, 0, 167, 165, 13, 60.71%, 0, 6, 2, 1.24, 6348, 598, 0, 0
200, 0, 0, 171, 169, 13, 60.81%, 0, 6, 2, 49.86, 6457, 599, 0, 0
205, 0, 0, 171, 169, 13, 60.81%, 0, 8, 2, 5.48, 6499, 599, 0, 0
210, 0, 0, 175, 173, 13, 61.42%, 0, 8, 2, 15.98, 6708, 605, 0, 0
215, 0, 0, 178, 176, 13, 61.52%, 0, 8, 2, 11.93, 6947, 606, 0, 0
221, 0, 0, 184, 182, 13, 61.62%, 0, 8, 2, 168.75, 7230, 607, 0, 0
226, 0, 0, 185, 183, 13, 61.73%, 0, 10, 2, 3.96, 7309, 608, 0, 0
235, 0, 0, 189, 187, 13, 62.13%, 0, 11, 2, 10.29, 7488, 612, 0, 0
243, 0, 0, 198, 196, 13, 62.84%, 0, 11, 2, 5.07, 7616, 619, 0, 0
251, 0, 0, 202, 200, 13, 62.94%, 0, 11, 2, 8.83, 7756, 620, 0, 0
256, 0, 0, 203, 201, 13, 63.05%, 0, 11, 2, 8.20, 7778, 621, 0, 0
264, 0, 0, 210, 208, 13, 63.25%, 0, 11, 2, 7.68, 7994, 623, 0, 0
271, 0, 0, 213, 211, 13, 63.35%, 0, 11, 2, 9.48, 8188, 624, 0, 0
276, 0, 0, 214, 212, 13, 63.45%, 0, 11, 2, 5.12, 8249, 625, 0, 0
284, 0, 0, 219, 217, 13, 64.37%, 0, 11, 2, 5.67, 8407, 634, 0, 0
290, 0, 0, 223, 221, 13, 64.87%, 0, 13, 2, 26.21, 8637, 639, 0, 0
295, 0, 0, 225, 223, 13, 64.97%, 0, 13, 2, 5.88, 8792, 640, 0, 0
300, 0, 0, 232, 230, 13, 65.69%, 0, 13, 2, 41.97, 9159, 647, 0, 0
305, 0, 0, 244, 242, 13, 65.79%, 0, 13, 2, 108.37, 9491, 648, 0, 0
312, 0, 0, 250, 248, 13, 66.09%, 0, 13, 2, 7.19, 9683, 651, 0, 0
317, 0, 0, 258, 256, 13, 66.19%, 0, 13, 2, 7.03, 9902, 652, 0, 0
322, 0, 0, 265, 263, 13, 66.60%, 0, 13, 2, 10.28, 10133, 656, 0, 0
327, 0, 0, 274, 272, 13, 66.90%, 0, 13, 2, 162.13, 10463, 659, 0, 0
335, 0, 0, 277, 275, 13, 66.90%, 0, 14, 2, 1.39, 10638, 659, 0, 0
341, 0, 0, 285, 283, 13, 67.11%, 0, 14, 2, 16.27, 10945, 661, 0, 0
346, 0, 0, 290, 288, 13, 67.41%, 0, 14, 2, 182.93, 11237, 664, 0, 0
352, 0, 0, 291, 289, 13, 67.41%, 0, 14, 2, 161.63, 11354, 664, 0, 0
357, 0, 0, 298, 296, 13, 67.61%, 0, 14, 2, 174.55, 11822, 666, 0, 0
363, 0, 0, 303, 301, 13, 67.72%, 0, 14, 2, 6.27, 11999, 667, 0, 0
368, 0, 0, 306, 304, 13, 67.72%, 0, 14, 2, 6.00, 12116, 667, 0, 0
377, 0, 0, 312, 310, 13, 67.92%, 0, 14, 2, 33.65, 12447, 669, 0, 0
383, 0, 0, 314, 312, 13, 67.92%, 0, 14, 2, 3.92, 12551, 669, 0, 0
388, 0, 0, 315, 313, 13, 67.92%, 0, 14, 2, 8.92, 12670, 669, 0, 0
393, 0, 0, 321, 319, 13, 68.12%, 0, 14, 2, 167.33, 12881, 671, 0, 0
402, 0, 0, 328, 326, 13, 68.32%, 0, 14, 2, 4.16, 13269, 673, 0, 0
409, 0, 0, 329, 327, 13, 68.32%, 0, 14, 2, 6.75, 13336, 673, 0, 0
414, 0, 0, 332, 330, 13, 68.43%, 0, 14, 2, 24.04, 13623, 674, 0, 0
419, 0, 0, 334, 332, 13, 68.43%, 0, 14, 2, 172.25, 13736, 674, 0, 0
425, 0, 0, 340, 338, 13, 68.83%, 0, 14, 2, 54.23, 14021, 678, 0, 0
430, 0, 0, 344, 342, 13, 68.93%, 0, 14, 2, 29.13, 14278, 679, 0, 0
435, 0, 0, 345, 343, 13, 68.93%, 0, 15, 2, 171.57, 14448, 679, 0, 0
443, 0, 0, 347, 345, 13, 69.14%, 0, 15, 2, 8.51, 14499, 681, 0, 0
449, 0, 0, 351, 349, 13, 69.14%, 0, 15, 2, 65.47, 14783, 681, 0, 0
454, 0, 0, 353, 351, 13, 69.14%, 0, 15, 2, 28.87, 14863, 681, 0, 0
462, 0, 0, 354, 352, 13, 69.14%, 0, 15, 2, 26.49, 14992, 681, 0, 0
468, 0, 0, 356, 354, 13, 69.14%, 0, 15, 2, 25.42, 15085, 681, 0, 0
474, 0, 0, 359, 357, 13, 69.24%, 0, 15, 2, 31.25, 15291, 682, 0, 0
479, 0, 0, 360, 358, 13, 69.24%, 0, 15, 2, 16.10, 15491, 682, 0, 0
484, 0, 0, 362, 360, 13, 69.24%, 0, 15, 2, 29.51, 15800, 682, 0, 0
491, 0, 0, 364, 362, 13, 69.24%, 0, 16, 2, 8.10, 15877, 682, 0, 0
496, 0, 1, 370, 367, 123, 69.24%, 0, 16, 2, 167.59, 16184, 682, 0, 0
502, 0, 1, 384, 381, 123, 69.34%, 0, 16, 2, 22.89, 16544, 683, 0, 0
507, 0, 1, 387, 384, 123, 69.34%, 0, 16, 2, 27.38, 16598, 683, 0, 0
511, 0, 2, 391, 388, 123, 69.54%, 0, 16, 2, 38.58, 16695, 685, 0, 0
511, 0, 2, 391, 388, 123, 69.54%, 0, 16, 2, 0.00, 16695, 685, 0, 0
511, 0, 2, 391, 388, 123, 69.54%, 0, 16, 2, 0.00, 16695, 685, 0, 0
511, 0, 2, 391, 388, 123, 69.54%, 0, 16, 2, 0.00, 16695, 685, 0, 0
