# relative_time, cycles_done, cur_item, corpus_count, pending_total, pending_favs, map_size, saved_crashes, saved_hangs, max_depth, execs_per_sec, total_execs, edges_found, total_crashes, servers_count
62, 0, 0, 137, 135, 13, 47.36%, 0, 1, 2, 17.43, 1731, 743, 0, 0
71, 0, 0, 145, 143, 13, 47.55%, 0, 1, 2, 10.19, 1846, 746, 0, 0
77, 0, 0, 152, 150, 13, 47.55%, 0, 2, 2, 46.45, 1951, 746, 0, 0
85, 0, 0, 171, 169, 13, 47.74%, 0, 2, 2, 12.39, 2289, 749, 0, 0
91, 0, 0, 176, 174, 13, 47.80%, 0, 2, 2, 7.32, 2370, 750, 0, 0
99, 0, 0, 181, 179, 13, 47.80%, 0, 2, 2, 7.46, 2441, 750, 0, 0
105, 0, 0, 184, 182, 13, 47.80%, 0, 4, 2, 3.79, 2519, 750, 0, 0
113, 0, 0, 191, 189, 13, 47.80%, 0, 4, 2, 2.21, 2628, 750, 0, 0
122, 0, 0, 194, 192, 13, 47.80%, 0, 4, 2, 6.83, 2701, 750, 0, 0
127, 0, 0, 202, 200, 13, 47.93%, 0, 4, 2, 18.25, 2854, 752, 0, 0
132, 0, 0, 210, 208, 13, 47.93%, 0, 4, 2, 44.74, 3049, 752, 0, 0
138, 0, 0, 218, 216, 13, 48.06%, 0, 5, 2, 29.32, 3208, 754, 0, 0
147, 0, 0, 224, 222, 13, 48.18%, 0, 6, 2, 25.59, 3352, 756, 0, 0
154, 0, 0, 227, 225, 13, 48.18%, 0, 6, 2, 1.98, 3408, 756, 0, 0
160, 0, 0, 232, 230, 13, 48.25%, 0, 6, 2, 2.84, 3555, 757, 0, 0
167, 0, 0, 235, 233, 13, 48.44%, 0, 6, 2, 4.13, 3619, 760, 0, 0
172, 0, 0, 239, 237, 13, 48.44%, 0, 7, 2, 27.35, 3737, 760, 0, 0
177, 0, 0, 245, 243, 13, 48.57%, 0, 7, 2, 17.83, 3943, 762, 0, 0
182, 0, 0, 246, 244, 13, 48.63%, 0, 7, 2, 2.21, 3967, 763, 0, 0
190, 0, 0, 248, 246, 13, 48.76%, 0, 7, 2, 1.99, 4085, 765, 0, 0
196, 0, 0, 251, 249, 13, 48.76%, 0, 7, 2, 6.89, 4281, 765, 0, 0
201, 0, 0, 252, 250, 13, 48.76%, 0, 8, 2, 10.02, 4347, 765, 0, 0
206, 0, 0, 259, 257, 13, 48.82%, 0, 8, 2, 38.22, 4626, 766, 0, 0
211, 0, 0, 260, 258, 13, 48.82%, 0, 8, 2, 5.60, 4671, 766, 0, 0
217, 0, 0, 263, 261, 13, 48.88%, 0, 8, 2, 8.29, 4741, 767, 0, 0
225, 0, 0, 266, 264, 13, 48.88%, 0, 8, 2, 12.00, 4832, 767, 0, 0
233, 0, 0, 268, 266, 13, 48.88%, 0, 9, 2, 12.36, 4918, 767, 0, 0
238, 0, 0, 274, 272, 13, 48.88%, 0, 9, 2, 140.18, 5145, 767, 0, 0
244, 0, 0, 276, 274, 13, 48.88%, 0, 9, 2, 11.42, 5198, 767, 0, 0
251, 0, 0, 280, 278, 13, 48.95%, 0, 9, 2, 2.72, 5289, 768, 0, 0
257, 0, 0, 283, 281, 13, 48.95%, 0, 9, 2, 3.93, 5384, 768, 0, 0
262, 0, 0, 285, 283, 13, 48.95%, 0, 10, 2, 1.99, 5468, 768, 0, 0
267, 0, 0, 286, 284, 13, 48.95%, 0, 11, 2, 174.53, 5550, 768, 0, 0
273, 0, 0, 288, 286, 13, 48.95%, 0, 11, 2, 15.73, 5613, 768, 0, 0
278, 0, 0, 293, 291, 13, 48.95%, 0, 12, 2, 46.51, 5779, 768, 0, 0
287, 0, 1, 295, 292, 69, 49.01%, 0, 12, 2, 3.90, 5967, 769, 0, 0
292, 0, 1, 296, 293, 69, 49.01%, 0, 12, 2, 30.11, 6082, 769, 0, 0
297, 0, 1, 296, 293, 69, 49.01%, 0, 12, 2, 5.31, 6211, 769, 0, 0
303, 0, 1, 299, 296, 69, 49.14%, 0, 14, 2, 2.48, 6363, 771, 0, 0
308, 0, 1, 301, 298, 69, 49.14%, 0, 14, 2, 30.41, 6494, 771, 0, 0
314, 0, 1, 302, 299, 69, 49.14%, 0, 14, 2, 10.72, 6603, 771, 0, 0
319, 0, 1, 311, 308, 69, 49.39%, 0, 14, 2, 71.08, 6834, 775, 0, 0
325, 0, 1, 311, 308, 69, 49.39%, 0, 15, 2, 11.26, 6979, 775, 0, 0
331, 0, 1, 315, 312, 69, 49.39%, 0, 16, 2, 120.93, 7107, 775, 0, 0
340, 0, 1, 317, 314, 69, 49.52%, 0, 16, 2, 1.98, 7142, 777, 0, 0
345, 0, 1, 322, 319, 69, 49.52%, 0, 16, 2, 24.49, 7346, 777, 0, 0
351, 0, 1, 324, 321, 69, 49.52%, 0, 16, 2, 20.42, 7489, 777, 0, 0
356, 0, 1, 326, 323, 69, 49.52%, 0, 16, 2, 45.13, 7598, 777, 0, 0
361, 0, 1, 330, 327, 69, 49.52%, 0, 17, 2, 29.57, 7724, 777, 0, 0
367, 0, 1, 333, 330, 69, 49.59%, 0, 18, 2, 20.03, 7820, 778, 0, 0
373, 0, 1, 334, 331, 69, 49.59%, 0, 18, 2, 11.31, 7884, 778, 0, 0
382, 0, 1, 336, 333, 69, 49.59%, 0, 18, 2, 2.25, 7950, 778, 0, 0
