# relative_time, cycles_done, cur_item, corpus_count, pending_total, pending_favs, map_size, saved_crashes, saved_hangs, max_depth, execs_per_sec, total_execs, edges_found, total_crashes, servers_count
87, 0, 0, 158, 156, 13, 61.12%, 0, 3, 2, 4.27, 1812, 602, 0, 0
95, 0, 0, 166, 164, 13, 61.52%, 0, 3, 2, 1.98, 1914, 606, 0, 0
100, 0, 0, 176, 174, 13, 62.13%, 0, 3, 2, 5.61, 2056, 612, 0, 0
106, 0, 0, 181, 179, 13, 62.44%, 0, 3, 2, 12.88, 2133, 615, 0, 0
111, 0, 0, 189, 187, 13, 62.94%, 0, 3, 2, 25.04, 2235, 620, 0, 0
119, 0, 0, 193, 191, 13, 63.15%, 0, 3, 2, 3.20, 2293, 622, 0, 0
128, 0, 0, 203, 201, 13, 64.06%, 0, 4, 2, 1.98, 2461, 631, 0, 0
133, 0, 0, 209, 207, 13, 64.37%, 0, 4, 2, 8.10, 2539, 634, 0, 0
142, 0, 0, 213, 211, 13, 64.57%, 0, 4, 2, 7.56, 2588, 636, 0, 0
148, 0, 0, 221, 219, 13, 64.77%, 0, 4, 2, 1.98, 2717, 638, 0, 0
154, 0, 0, 227, 225, 13, 65.08%, 0, 4, 2, 7.44, 2799, 641, 0, 0
159, 0, 0, 228, 226, 13, 65.18%, 0, 4, 2, 6.75, 2815, 642, 0, 0
164, 0, 0, 235, 233, 13, 65.38%, 0, 4, 2, 7.53, 2926, 644, 0, 0
172, 0, 0, 238, 236, 13, 65.48%, 0, 4, 2, 7.22, 2966, 645, 0, 0
181, 0, 0, 242, 240, 13, 65.99%, 0, 4, 2, 7.15, 3021, 650, 0, 0
186, 0, 0, 250, 248, 13, 66.29%, 0, 4, 2, 29.03, 3180, 653, 0, 0
192, 0, 0, 253, 251, 13, 66.29%, 0, 5, 2, 2.61, 3235, 653, 0, 0
198, 0, 0, 261, 259, 13, 66.60%, 0, 5, 2, 25.64, 3353, 656, 0, 0
204, 0, 0, 266, 264, 13, 66.90%, 0, 5, 2, 25.24, 3445, 659, 0, 0
212, 0, 0, 273, 271, 13, 67.61%, 0, 6, 2, 2.95, 3590, 666, 0, 0
220, 0, 0, 283, 281, 13, 67.82%, 0, 6, 2, 2.06, 3857, 668, 0, 0
229, 0, 0, 293, 291, 13, 67.92%, 0, 7, 2, 2.71, 4021, 669, 0, 0
234, 0, 0, 296, 294, 13, 68.12%, 0, 7, 2, 3.03, 4061, 671, 0, 0
239, 0, 0, 304, 302, 13, 68.43%, 0, 8, 2, 59.47, 4248, 674, 0, 0
244, 0, 0, 307, 305, 13, 68.53%, 0, 8, 2, 11.41, 4330, 675, 0, 0
249, 0, 0, 312, 310, 13, 68.83%, 0, 8, 2, 174.84, 4424, 678, 0, 0
254, 0, 0, 314, 312, 13, 68.83%, 0, 8, 2, 5.78, 4456, 678, 0, 0
261, 0, 0, 317, 315, 13, 68.93%, 0, 8, 2, 13.54, 4532, 679, 0, 0
269, 0, 0, 321, 319, 13, 69.14%, 0, 8, 2, 3.91, 4636, 681, 0, 0
276, 0, 0, 325, 323, 13, 69.14%, 0, 9, 2, 2.44, 4714, 681, 0, 0
281, 0, 0, 329, 327, 13, 69.34%, 0, 9, 2, 4.79, 4809, 683, 0, 0
288, 0, 0, 333, 331, 13, 69.34%, 0, 9, 2, 2.03, 4873, 683, 0, 0
295, 0, 0, 339, 337, 13, 69.64%, 0, 9, 2, 2.43, 5002, 686, 0, 0
300, 0, 0, 341, 339, 13, 69.64%, 0, 10, 2, 4.65, 5095, 686, 0, 0
305, 0, 0, 342, 340, 13, 69.64%, 0, 10, 2, 2.00, 5120, 686, 0, 0
313, 0, 0, 344, 342, 13, 69.75%, 0, 10, 2, 2.20, 5150, 687, 0, 0
319, 0, 0, 349, 347, 13, 69.85%, 0, 10, 2, 40.28, 5302, 688, 0, 0
327, 0, 0, 351, 349, 13, 69.85%, 0, 10, 2, 3.58, 5326, 688, 0, 0
332, 0, 0, 354, 352, 13, 69.95%, 0, 10, 2, 3.94, 5387, 689, 0, 0
339, 0, 0, 355, 353, 13, 69.95%, 0, 10, 2, 3.68, 5447, 689, 0, 0
342, 0, 1, 361, 359, 13, 70.05%, 0, 10, 2, 34.81, 5549, 690, 0, 0
