# relative_time, cycles_done, cur_item, corpus_count, pending_total, pending_favs, map_size, saved_crashes, saved_hangs, max_depth, execs_per_sec, total_execs, edges_found, total_crashes, servers_count
48, 0, 2, 129, 67, 10, 25.51%, 0, 0, 2, 174.18, 9708, 137, 0, 0
109, 0, 3, 150, 88, 10, 31.10%, 0, 0, 2, 163.63, 19511, 167, 0, 0
114, 0, 3, 150, 88, 10, 31.10%, 0, 0, 2, 164.65, 20342, 167, 0, 0
119, 0, 3, 150, 88, 10, 31.10%, 0, 0, 2, 170.33, 21236, 167, 0, 0
124, 0, 3, 150, 88, 10, 31.10%, 0, 0, 2, 169.64, 22124, 167, 0, 0
129, 0, 3, 150, 88, 10, 31.10%, 0, 0, 2, 167.79, 23003, 167, 0, 0
134, 0, 3, 150, 88, 10, 31.10%, 0, 0, 2, 166.54, 23837, 167, 0, 0
140, 0, 3, 150, 88, 10, 31.10%, 0, 0, 2, 163.86, 24689, 167, 0, 0
145, 0, 3, 150, 88, 10, 31.10%, 0, 0, 2, 160.68, 25508, 167, 0, 0
150, 0, 3, 150, 88, 10, 31.10%, 0, 0, 2, 150.10, 26208, 167, 0, 0
155, 0, 129, 150, 88, 13, 31.10%, 0, 0, 2, 149.21, 26961, 167, 0, 0
160, 0, 129, 150, 88, 13, 31.10%, 0, 0, 2, 151.17, 27736, 167, 0, 0
165, 0, 129, 150, 88, 13, 31.10%, 0, 0, 2, 153.46, 28516, 167, 0, 0
170, 0, 129, 150, 88, 13, 31.10%, 0, 0, 2, 156.52, 29305, 167, 0, 0
175, 0, 129, 150, 88, 13, 31.10%, 0, 0, 2, 157.77, 30136, 167, 0, 0
180, 0, 129, 150, 88, 13, 31.10%, 0, 0, 2, 153.22, 30901, 167, 0, 0
185, 0, 129, 150, 88, 13, 31.10%, 0, 0, 2, 151.95, 31669, 167, 0, 0
190, 0, 129, 150, 88, 13, 31.10%, 0, 0, 2, 151.70, 32443, 167, 0, 0
195, 0, 129, 150, 88, 13, 31.10%, 0, 0, 2, 155.37, 33235, 167, 0, 0
200, 0, 129, 150, 88, 13, 31.10%, 0, 0, 2, 154.12, 34033, 167, 0, 0
205, 0, 129, 150, 88, 13, 31.10%, 0, 0, 2, 153.77, 34807, 167, 0, 0
211, 0, 129, 150, 88, 13, 31.10%, 0, 0, 2, 152.92, 35572, 167, 0, 0
216, 0, 129, 150, 88, 13, 31.10%, 0, 0, 2, 152.99, 36346, 167, 0, 0
221, 0, 129, 150, 88, 13, 31.10%, 0, 0, 2, 154.09, 37108, 167, 0, 0
226, 0, 129, 150, 88, 13, 31.10%, 0, 0, 2, 154.34, 37903, 167, 0, 0
231, 0, 129, 150, 88, 13, 31.10%, 0, 0, 2, 154.84, 38677, 167, 0, 0
236, 0, 129, 150, 88, 13, 31.10%, 0, 0, 2, 152.59, 39469, 167, 0, 0
241, 0, 129, 150, 88, 13, 31.10%, 0, 0, 2, 153.13, 40264, 167, 0, 0
246, 0, 129, 150, 88, 13, 31.10%, 0, 0, 2, 153.04, 41041, 167, 0, 0
251, 0, 129, 150, 88, 13, 31.10%, 0, 0, 2, 153.74, 41806, 167, 0, 0
256, 0, 129, 150, 88, 13, 31.10%, 0, 0, 2, 154.98, 42589, 167, 0, 0
262, 0, 130, 150, 88, 13, 31.10%, 0, 0, 2, 8.93, 43318, 167, 0, 0
267, 0, 130, 150, 88, 13, 31.10%, 0, 0, 2, 145.98, 43936, 167, 0, 0
272, 0, 130, 150, 88, 13, 31.10%, 0, 0, 2, 143.56, 44658, 167, 0, 0
277, 0, 130, 150, 88, 13, 31.10%, 0, 0, 2, 157.84, 45348, 167, 0, 0
282, 0, 130, 150, 88, 13, 31.10%, 0, 0, 2, 148.35, 46071, 167, 0, 0
287, 0, 130, 150, 88, 13, 31.10%, 0, 0, 2, 146.97, 46822, 167, 0, 0
292, 0, 130, 151, 89, 13, 31.66%, 0, 0, 2, 142.08, 47520, 170, 0, 0
297, 0, 130, 151, 89, 13, 31.66%, 0, 0, 2, 143.62, 48264, 170, 0, 0
302, 0, 130, 151, 89, 13, 31.66%, 0, 0, 2, 147.95, 49000, 170, 0, 0
307, 0, 130, 151, 89, 13, 31.66%, 0, 0, 2, 141.18, 49659, 170, 0, 0
313, 0, 130, 151, 89, 13, 31.66%, 0, 0, 2, 145.03, 50407, 170, 0, 0
318, 0, 130, 151, 89, 13, 31.66%, 0, 0, 2, 142.35, 51135, 170, 0, 0
323, 0, 130, 151, 89, 13, 31.66%, 0, 0, 2, 145.71, 51884, 170, 0, 0
328, 0, 130, 152, 90, 13, 31.84%, 0, 0, 2, 145.12, 52503, 171, 0, 0
333, 0, 130, 152, 90, 13, 31.84%, 0, 0, 2, 145.53, 53249, 171, 0, 0
338, 0, 130, 152, 90, 13, 31.84%, 0, 0, 2, 145.16, 54001, 171, 0, 0
344, 0, 130, 152, 90, 13, 31.84%, 0, 0, 2, 144.99, 54755, 171, 0, 0
349, 0, 130, 153, 91, 13, 32.40%, 0, 0, 2, 137.21, 55427, 174, 0, 0
354, 0, 130, 153, 91, 13, 32.40%, 0, 0, 2, 142.68, 56161, 174, 0, 0
359, 0, 130, 153, 91, 13, 32.40%, 0, 0, 2, 148.77, 56931, 174, 0, 0
364, 0, 130, 153, 91, 13, 32.40%, 0, 0, 2, 144.76, 57671, 174, 0, 0
369, 0, 130, 153, 91, 13, 32.40%, 0, 0, 2, 148.17, 58447, 174, 0, 0
374, 0, 130, 153, 91, 13, 32.40%, 0, 0, 2, 145.69, 59201, 174, 0, 0
379, 0, 130, 153, 91, 13, 32.40%, 0, 0, 2, 144.52, 59939, 174, 0, 0
385, 0, 130, 153, 91, 13, 32.40%, 0, 0, 2, 151.82, 60626, 174, 0, 0
390, 0, 130, 153, 91, 13, 32.40%, 0, 0, 2, 148.43, 61394, 174, 0, 0
395, 0, 130, 153, 91, 13, 32.40%, 0, 0, 2, 142.42, 62100, 174, 0, 0
400, 0, 130, 153, 91, 13, 32.40%, 0, 0, 2, 144.48, 62852, 174, 0, 0
405, 0, 130, 153, 91, 13, 32.40%, 0, 0, 2, 147.53, 63622, 174, 0, 0
410, 0, 130, 153, 91, 13, 32.40%, 0, 0, 2, 146.31, 64356, 174, 0, 0
415, 0, 130, 153, 91, 13, 32.40%, 0, 0, 2, 140.36, 65068, 174, 0, 0
420, 0, 130, 153, 91, 13, 32.40%, 0, 0, 2, 146.40, 65830, 174, 0, 0
426, 0, 130, 153, 91, 13, 32.40%, 0, 0, 2, 146.19, 66592, 174, 0, 0
431, 0, 130, 153, 91, 13, 32.40%, 0, 0, 2, 144.81, 67324, 174, 0, 0
436, 0, 130, 153, 91, 13, 32.40%, 0, 0, 2, 147.53, 68090, 174, 0, 0
441, 0, 130, 153, 91, 13, 32.40%, 0, 0, 2, 145.38, 68832, 174, 0, 0
446, 0, 130, 153, 91, 13, 32.40%, 0, 0, 2, 148.89, 69580, 174, 0, 0
451, 0, 130, 153, 91, 13, 32.40%, 0, 0, 2, 142.04, 70330, 174, 0, 0
456, 0, 130, 153, 91, 13, 32.40%, 0, 0, 2, 146.57, 71094, 174, 0, 0
462, 0, 130, 153, 91, 13, 32.40%, 0, 0, 2, 142.53, 71822, 174, 0, 0
467, 0, 130, 153, 91, 13, 32.40%, 0, 0, 2, 144.82, 72570, 174, 0, 0
472, 0, 130, 154, 92, 13, 32.77%, 0, 0, 2, 151.76, 73358, 176, 0, 0
477, 0, 130, 155, 93, 13, 32.96%, 0, 0, 2, 146.34, 74082, 177, 0, 0
482, 0, 130, 155, 93, 13, 32.96%, 0, 0, 2, 145.54, 74838, 177, 0, 0
487, 0, 130, 156, 94, 13, 33.15%, 0, 0, 2, 149.96, 75578, 178, 0, 0
493, 0, 131, 158, 96, 17, 33.33%, 0, 0, 2, 8.90, 75705, 179, 0, 0
498, 0, 131, 161, 99, 17, 33.89%, 0, 0, 2, 64.18, 75911, 182, 0, 0
503, 0, 131, 164, 102, 17, 34.64%, 0, 0, 2, 50.47, 76138, 186, 0, 0
508, 0, 131, 165, 103, 17, 34.64%, 0, 0, 2, 61.34, 76434, 186, 0, 0
513, 0, 131, 166, 104, 17, 34.64%, 0, 0, 2, 59.18, 76714, 186, 0, 0
518, 0, 131, 166, 104, 17, 34.64%, 0, 0, 2, 85.29, 76994, 186, 0, 0
523, 0, 131, 166, 104, 17, 34.64%, 0, 0, 2, 79.36, 77290, 186, 0, 0
528, 0, 131, 166, 104, 17, 34.64%, 0, 0, 2, 66.17, 77602, 186, 0, 0
534, 0, 131, 166, 104, 17, 34.64%, 0, 0, 2, 66.14, 77924, 186, 0, 0
539, 0, 131, 166, 104, 17, 34.64%, 0, 0, 2, 51.44, 78165, 186, 0, 0
544, 0, 131, 166, 104, 17, 34.64%, 0, 0, 2, 59.53, 78472, 186, 0, 0
549, 0, 131, 166, 104, 17, 34.64%, 0, 0, 2, 66.60, 78815, 186, 0, 0
554, 0, 131, 166, 104, 17, 34.64%, 0, 0, 2, 68.90, 79105, 186, 0, 0
559, 0, 131, 166, 104, 17, 34.64%, 0, 0, 2, 65.96, 79427, 186, 0, 0
564, 0, 131, 166, 104, 17, 34.64%, 0, 0, 2, 60.54, 79709, 186, 0, 0
570, 0, 131, 167, 105, 17, 34.64%, 0, 0, 2, 62.24, 80047, 186, 0, 0
575, 0, 131, 167, 105, 17, 34.64%, 0, 0, 2, 62.64, 80352, 186, 0, 0
580, 0, 131, 169, 107, 17, 34.64%, 0, 0, 2, 61.75, 80637, 186, 0, 0
585, 0, 131, 169, 107, 17, 34.64%, 0, 0, 2, 63.22, 80960, 186, 0, 0
590, 0, 131, 170, 108, 17, 34.64%, 0, 0, 2, 64.11, 81286, 186, 0, 0
595, 0, 131, 170, 108, 17, 34.64%, 0, 0, 2, 58.23, 81588, 186, 0, 0
600, 0, 131, 171, 109, 17, 35.01%, 0, 0, 2, 62.22, 81909, 188, 0, 0
605, 0, 131, 172, 110, 17, 35.01%, 0, 0, 2, 61.74, 82213, 188, 0, 0
610, 0, 131, 174, 112, 17, 36.13%, 0, 0, 2, 61.67, 82514, 194, 0, 0
615, 0, 131, 174, 112, 17, 36.13%, 0, 0, 2, 64.97, 82845, 194, 0, 0
621, 0, 131, 175, 113, 17, 36.50%, 0, 0, 2, 58.12, 83120, 196, 0, 0
626, 0, 131, 175, 113, 17, 36.50%, 0, 0, 2, 65.08, 83457, 196, 0, 0
631, 0, 131, 175, 113, 17, 36.50%, 0, 0, 2, 60.35, 83767, 196, 0, 0
636, 0, 131, 175, 113, 17, 36.50%, 0, 0, 2, 60.04, 84069, 196, 0, 0
641, 0, 131, 177, 115, 17, 36.87%, 0, 0, 2, 60.80, 84382, 198, 0, 0
646, 0, 131, 177, 115, 17, 36.87%, 0, 0, 2, 59.72, 84669, 198, 0, 0
651, 0, 131, 178, 116, 17, 36.87%, 0, 0, 2, 61.95, 84979, 198, 0, 0
657, 0, 131, 179, 117, 17, 36.87%, 0, 0, 2, 61.26, 85304, 198, 0, 0
662, 0, 131, 179, 117, 17, 36.87%, 0, 0, 2, 60.22, 85592, 198, 0, 0
667, 0, 131, 179, 117, 17, 36.87%, 0, 0, 2, 59.21, 85892, 198, 0, 0
672, 0, 131, 179, 117, 17, 36.87%, 0, 0, 2, 60.94, 86201, 198, 0, 0
677, 0, 131, 179, 117, 17, 36.87%, 0, 0, 2, 57.19, 86490, 198, 0, 0
677, 0, 132, 179, 117, 17, 36.87%, 0, 0, 2, 0.00, 86490, 198, 0, 0
