# relative_time, cycles_done, cur_item, corpus_count, pending_total, pending_favs, map_size, saved_crashes, saved_hangs, max_depth, execs_per_sec, total_execs, edges_found, total_crashes, servers_count
61, 0, 5, 129, 64, 10, 25.51%, 0, 0, 2, 185.28, 11281, 137, 0, 0
65, 0, 17, 132, 66, 10, 25.88%, 0, 0, 2, 8.16, 11725, 139, 0, 0
65, 0, 17, 132, 66, 10, 25.88%, 0, 0, 2, 0.00, 11725, 139, 0, 0
65, 0, 17, 132, 66, 10, 25.88%, 0, 0, 2, 0.00, 11725, 139, 0, 0
65, 0, 17, 132, 66, 10, 25.88%, 0, 0, 2, 0.00, 11725, 139, 0, 0
126, 0, 138, 166, 98, 11, 35.20%, 0, 0, 2, 168.29, 21907, 189, 0, 0
131, 0, 138, 166, 98, 11, 35.20%, 0, 0, 2, 164.11, 22668, 189, 0, 0
136, 0, 138, 166, 98, 11, 35.20%, 0, 0, 2, 162.31, 23518, 189, 0, 0
142, 0, 138, 166, 98, 11, 35.20%, 0, 0, 2, 157.28, 24334, 189, 0, 0
147, 0, 138, 166, 98, 11, 35.20%, 0, 0, 2, 156.90, 25126, 189, 0, 0
152, 0, 138, 166, 98, 11, 35.20%, 0, 0, 2, 158.94, 25933, 189, 0, 0
157, 0, 144, 169, 100, 12, 36.31%, 0, 0, 2, 119.06, 26418, 195, 0, 0
162, 0, 144, 171, 102, 12, 36.50%, 0, 0, 2, 35.93, 26629, 196, 0, 0
167, 0, 144, 171, 102, 12, 36.50%, 0, 0, 2, 51.56, 26919, 196, 0, 0
172, 0, 144, 171, 102, 12, 36.50%, 0, 0, 2, 63.74, 27168, 196, 0, 0
178, 0, 144, 171, 102, 12, 36.50%, 0, 0, 2, 59.99, 27482, 196, 0, 0
183, 0, 146, 172, 102, 13, 36.50%, 0, 0, 2, 82.92, 27908, 196, 0, 0
188, 0, 147, 172, 101, 12, 36.50%, 0, 0, 2, 93.25, 28299, 196, 0, 0
193, 0, 147, 173, 102, 12, 36.50%, 0, 0, 2, 52.11, 28492, 196, 0, 0
198, 0, 147, 174, 103, 12, 36.87%, 0, 0, 2, 36.04, 28652, 198, 0, 0
203, 0, 147, 174, 103, 12, 36.87%, 0, 0, 2, 12.61, 28814, 198, 0, 0
208, 0, 147, 175, 104, 12, 37.06%, 0, 0, 2, 32.38, 29003, 199, 0, 0
213, 0, 147, 175, 104, 12, 37.06%, 0, 0, 2, 38.46, 29193, 199, 0, 0
219, 0, 147, 175, 104, 12, 37.06%, 0, 0, 2, 34.62, 29372, 199, 0, 0
224, 0, 147, 175, 104, 12, 37.06%, 0, 0, 2, 37.56, 29553, 199, 0, 0
229, 0, 147, 175, 104, 12, 37.06%, 0, 0, 2, 39.88, 29770, 199, 0, 0
234, 0, 147, 177, 106, 12, 37.24%, 0, 0, 2, 41.53, 29948, 200, 0, 0
239, 0, 147, 177, 106, 12, 37.24%, 0, 0, 2, 40.56, 30156, 200, 0, 0
244, 0, 147, 177, 106, 12, 37.24%, 0, 0, 2, 37.73, 30346, 200, 0, 0
250, 0, 147, 177, 106, 12, 37.24%, 0, 0, 2, 39.02, 30546, 200, 0, 0
255, 0, 147, 177, 106, 12, 37.24%, 0, 0, 2, 36.68, 30724, 200, 0, 0
260, 0, 147, 177, 106, 12, 37.24%, 0, 0, 2, 37.59, 30919, 200, 0, 0
265, 0, 147, 177, 106, 12, 37.24%, 0, 0, 2, 37.26, 31115, 200, 0, 0
270, 0, 147, 178, 107, 12, 37.24%, 0, 0, 2, 37.38, 31307, 200, 0, 0
275, 0, 147, 178, 107, 12, 37.24%, 0, 0, 2, 40.22, 31478, 200, 0, 0
280, 0, 147, 178, 107, 12, 37.24%, 0, 0, 2, 37.61, 31658, 200, 0, 0
285, 0, 147, 178, 107, 12, 37.24%, 0, 0, 2, 37.50, 31851, 200, 0, 0
291, 0, 147, 178, 107, 12, 37.24%, 0, 0, 2, 37.23, 32041, 200, 0, 0
296, 0, 147, 178, 107, 12, 37.24%, 0, 0, 2, 39.84, 32242, 200, 0, 0
301, 0, 147, 179, 108, 12, 37.62%, 0, 0, 2, 38.44, 32437, 202, 0, 0
306, 0, 147, 179, 108, 12, 37.62%, 0, 0, 2, 37.75, 32627, 202, 0, 0
311, 0, 147, 179, 108, 12, 37.62%, 0, 0, 2, 40.59, 32836, 202, 0, 0
316, 0, 147, 179, 108, 12, 37.62%, 0, 0, 2, 38.97, 33040, 202, 0, 0
321, 0, 147, 179, 108, 12, 37.62%, 0, 0, 2, 39.11, 33239, 202, 0, 0
326, 0, 147, 179, 108, 12, 37.62%, 0, 0, 2, 39.22, 33448, 202, 0, 0
331, 0, 147, 179, 108, 12, 37.62%, 0, 0, 2, 41.10, 33605, 202, 0, 0
336, 0, 147, 179, 108, 12, 37.62%, 0, 0, 2, 39.68, 33804, 202, 0, 0
341, 0, 147, 180, 109, 12, 38.18%, 0, 0, 2, 39.42, 34001, 205, 0, 0
347, 0, 147, 180, 109, 12, 38.18%, 0, 0, 2, 36.85, 34184, 205, 0, 0
352, 0, 147, 181, 110, 12, 38.36%, 0, 0, 2, 36.22, 34365, 206, 0, 0
357, 0, 147, 181, 110, 12, 38.36%, 0, 0, 2, 38.37, 34565, 206, 0, 0
362, 0, 147, 181, 110, 12, 38.36%, 0, 0, 2, 5.22, 34755, 206, 0, 0
367, 0, 147, 181, 110, 12, 38.36%, 0, 0, 2, 39.48, 34963, 206, 0, 0
373, 0, 147, 181, 110, 12, 38.36%, 0, 0, 2, 37.13, 35157, 206, 0, 0
378, 0, 147, 181, 110, 12, 38.36%, 0, 0, 2, 37.89, 35357, 206, 0, 0
383, 0, 147, 181, 110, 12, 38.36%, 0, 0, 2, 39.51, 35566, 206, 0, 0
388, 0, 147, 182, 111, 12, 38.55%, 0, 0, 2, 38.63, 35760, 207, 0, 0
393, 0, 147, 182, 111, 12, 38.55%, 0, 0, 2, 38.65, 35958, 207, 0, 0
398, 0, 147, 182, 111, 12, 38.55%, 0, 0, 2, 39.60, 36160, 207, 0, 0
403, 0, 147, 182, 111, 12, 38.55%, 0, 0, 2, 38.14, 36355, 207, 0, 0
408, 0, 147, 182, 111, 12, 38.55%, 0, 0, 2, 40.78, 36559, 207, 0, 0
413, 0, 147, 182, 111, 12, 38.55%, 0, 0, 2, 37.96, 36754, 207, 0, 0
418, 0, 147, 183, 112, 12, 38.73%, 0, 0, 2, 37.72, 36946, 208, 0, 0
424, 0, 147, 184, 113, 12, 38.92%, 0, 0, 2, 39.91, 37146, 209, 0, 0
429, 0, 147, 184, 113, 12, 38.92%, 0, 0, 2, 40.55, 37356, 209, 0, 0
434, 0, 147, 184, 113, 12, 38.92%, 0, 0, 2, 41.44, 37568, 209, 0, 0
439, 0, 147, 184, 113, 12, 38.92%, 0, 0, 2, 40.32, 37775, 209, 0, 0
444, 0, 147, 184, 113, 12, 38.92%, 0, 0, 2, 38.79, 37971, 209, 0, 0
449, 0, 147, 184, 113, 12, 38.92%, 0, 0, 2, 39.96, 38172, 209, 0, 0
454, 0, 147, 184, 113, 12, 38.92%, 0, 0, 2, 39.65, 38372, 209, 0, 0
460, 0, 147, 184, 113, 12, 38.92%, 0, 0, 2, 38.96, 38573, 209, 0, 0
465, 0, 147, 185, 114, 12, 38.92%, 0, 0, 2, 40.50, 38787, 209, 0, 0
470, 0, 147, 185, 114, 12, 38.92%, 0, 0, 2, 37.74, 38967, 209, 0, 0
475, 0, 147, 185, 114, 12, 38.92%, 0, 0, 2, 39.84, 39173, 209, 0, 0
480, 0, 147, 185, 114, 12, 38.92%, 0, 0, 2, 37.72, 39366, 209, 0, 0
485, 0, 147, 185, 114, 12, 38.92%, 0, 0, 2, 38.64, 39559, 209, 0, 0
490, 0, 147, 185, 114, 12, 38.92%, 0, 0, 2, 38.77, 39756, 209, 0, 0
495, 0, 147, 185, 114, 12, 38.92%, 0, 0, 2, 40.59, 39925, 209, 0, 0
500, 0, 147, 185, 114, 12, 38.92%, 0, 0, 2, 38.20, 40111, 209, 0, 0
506, 0, 147, 185, 114, 12, 38.92%, 0, 0, 2, 39.95, 40318, 209, 0, 0
511, 0, 147, 186, 115, 12, 38.92%, 0, 0, 2, 41.00, 40523, 209, 0, 0
516, 0, 147, 186, 115, 12, 38.92%, 0, 0, 2, 40.08, 40728, 209, 0, 0
521, 0, 147, 186, 115, 12, 38.92%, 0, 0, 2, 36.21, 40901, 209, 0, 0
526, 0, 147, 187, 116, 12, 39.11%, 0, 0, 2, 36.50, 41073, 210, 0, 0
531, 0, 147, 187, 116, 12, 39.11%, 0, 0, 2, 38.45, 41276, 210, 0, 0
536, 0, 148, 187, 115, 21, 39.11%, 0, 0, 2, 100.73, 41795, 210, 0, 0
541, 0, 149, 188, 115, 20, 39.11%, 0, 0, 2, 87.60, 42183, 210, 0, 0
546, 0, 149, 188, 115, 20, 39.11%, 0, 0, 2, 47.24, 42374, 210, 0, 0
552, 0, 149, 190, 117, 20, 39.11%, 0, 0, 2, 39.62, 42561, 210, 0, 0
557, 0, 149, 192, 119, 20, 39.29%, 0, 0, 2, 37.49, 42743, 211, 0, 0
562, 0, 149, 193, 120, 20, 39.29%, 0, 0, 2, 38.34, 42943, 211, 0, 0
567, 0, 149, 193, 120, 20, 39.29%, 0, 0, 2, 37.17, 43127, 211, 0, 0
572, 0, 149, 193, 120, 20, 39.29%, 0, 0, 2, 36.36, 43313, 211, 0, 0
577, 0, 149, 193, 120, 20, 39.29%, 0, 0, 2, 39.19, 43517, 211, 0, 0
583, 0, 149, 193, 120, 20, 39.29%, 0, 0, 2, 37.28, 43710, 211, 0, 0
588, 0, 149, 193, 120, 20, 39.29%, 0, 0, 2, 38.06, 43903, 211, 0, 0
593, 0, 149, 193, 120, 20, 39.29%, 0, 0, 2, 38.66, 44105, 211, 0, 0
598, 0, 149, 194, 121, 20, 39.29%, 0, 0, 2, 37.38, 44305, 211, 0, 0
603, 0, 149, 194, 121, 20, 39.29%, 0, 0, 2, 39.07, 44507, 211, 0, 0
608, 0, 149, 195, 122, 20, 39.29%, 0, 0, 2, 37.10, 44693, 211, 0, 0
614, 0, 149, 195, 122, 20, 39.29%, 0, 0, 2, 37.84, 44885, 211, 0, 0
619, 0, 149, 195, 122, 20, 39.29%, 0, 0, 2, 36.95, 45074, 211, 0, 0
624, 0, 149, 196, 123, 20, 39.29%, 0, 0, 2, 37.92, 45270, 211, 0, 0
629, 0, 149, 198, 125, 20, 39.48%, 0, 0, 2, 37.13, 45459, 212, 0, 0
634, 0, 149, 198, 125, 20, 39.48%, 0, 0, 2, 36.02, 45645, 212, 0, 0
639, 0, 149, 198, 125, 20, 39.48%, 0, 0, 2, 36.23, 45832, 212, 0, 0
644, 0, 149, 199, 126, 20, 39.48%, 0, 0, 2, 38.74, 46031, 212, 0, 0
649, 0, 149, 199, 126, 20, 39.48%, 0, 0, 2, 40.47, 46233, 212, 0, 0
654, 0, 149, 200, 127, 20, 39.48%, 0, 0, 2, 38.50, 46426, 212, 0, 0
660, 0, 149, 200, 127, 20, 39.48%, 0, 0, 2, 39.91, 46627, 212, 0, 0
665, 0, 149, 200, 127, 20, 39.48%, 0, 0, 2, 38.01, 46822, 212, 0, 0
670, 0, 149, 200, 127, 20, 39.48%, 0, 0, 2, 36.88, 47013, 212, 0, 0
675, 0, 149, 200, 127, 20, 39.48%, 0, 0, 2, 39.32, 47217, 212, 0, 0
680, 0, 149, 200, 127, 20, 39.48%, 0, 0, 2, 36.91, 47400, 212, 0, 0
685, 0, 149, 200, 127, 20, 39.48%, 0, 0, 2, 37.24, 47594, 212, 0, 0
690, 0, 149, 201, 128, 20, 39.85%, 0, 0, 2, 37.18, 47779, 214, 0, 0
695, 0, 149, 201, 128, 20, 39.85%, 0, 0, 2, 38.23, 47973, 214, 0, 0
700, 0, 149, 202, 129, 20, 39.85%, 0, 0, 2, 38.29, 48169, 214, 0, 0
706, 0, 149, 202, 129, 20, 39.85%, 0, 0, 2, 39.12, 48366, 214, 0, 0
709, 0, 150, 202, 129, 20, 39.85%, 0, 0, 2, 37.46, 48509, 214, 0, 0
709, 0, 150, 202, 129, 20, 39.85%, 0, 0, 2, 0.00, 48509, 214, 0, 0
709, 0, 150, 202, 129, 20, 39.85%, 0, 0, 2, 0.00, 48509, 214, 0, 0
709, 0, 150, 202, 129, 20, 39.85%, 0, 0, 2, 0.00, 48509, 214, 0, 0
