# relative_time, cycles_done, cur_item, corpus_count, pending_total, pending_favs, map_size, saved_crashes, saved_hangs, max_depth, execs_per_sec, total_execs, edges_found, total_crashes, servers_count
93, 0, 0, 182, 180, 13, 61.32%, 0, 2, 2, 5.47, 2163, 604, 0, 0
98, 0, 0, 191, 189, 13, 61.62%, 0, 2, 2, 2.30, 2281, 607, 0, 0
104, 0, 0, 195, 193, 13, 61.83%, 0, 2, 2, 2.34, 2340, 609, 0, 0
109, 0, 0, 199, 197, 13, 62.54%, 0, 2, 2, 45.66, 2389, 616, 0, 0
114, 0, 0, 204, 202, 13, 62.64%, 0, 2, 2, 5.19, 2469, 617, 0, 0
120, 0, 0, 210, 208, 13, 62.74%, 0, 2, 2, 40.09, 2560, 618, 0, 0
128, 0, 0, 218, 216, 13, 63.25%, 0, 2, 2, 7.10, 2655, 623, 0, 0
134, 0, 0, 225, 223, 13, 63.35%, 0, 2, 2, 17.82, 2759, 624, 0, 0
143, 0, 0, 239, 237, 13, 64.37%, 0, 3, 2, 5.40, 2970, 634, 0, 0
152, 0, 0, 243, 241, 13, 64.47%, 0, 3, 2, 5.21, 3017, 635, 0, 0
160, 0, 0, 253, 251, 13, 64.87%, 0, 4, 2, 2.06, 3192, 639, 0, 0
166, 0, 0, 261, 259, 13, 64.97%, 0, 4, 2, 198.41, 3332, 640, 0, 0
174, 0, 0, 268, 266, 13, 65.18%, 0, 5, 2, 8.69, 3439, 642, 0, 0
180, 0, 0, 274, 272, 13, 65.69%, 0, 5, 2, 2.97, 3550, 647, 0, 0
185, 0, 0, 277, 275, 13, 65.69%, 0, 5, 2, 3.60, 3590, 647, 0, 0
192, 0, 0, 279, 277, 13, 65.79%, 0, 6, 2, 3.65, 3623, 648, 0, 0
200, 0, 0, 291, 289, 13, 66.19%, 0, 7, 2, 3.36, 3838, 652, 0, 0
209, 0, 0, 299, 297, 13, 66.60%, 0, 7, 2, 2.88, 3953, 656, 0, 0
218, 0, 0, 305, 303, 13, 66.70%, 0, 7, 2, 34.34, 4056, 657, 0, 0
223, 0, 0, 315, 313, 13, 67.01%, 0, 7, 2, 5.64, 4223, 660, 0, 0
228, 0, 0, 320, 318, 13, 67.31%, 0, 7, 2, 173.56, 4325, 663, 0, 0
233, 0, 0, 325, 323, 13, 67.61%, 0, 7, 2, 75.51, 4411, 666, 0, 0
242, 0, 0, 330, 328, 13, 67.72%, 0, 7, 2, 1.99, 4472, 667, 0, 0
248, 0, 0, 332, 330, 13, 67.82%, 0, 9, 2, 26.60, 4531, 668, 0, 0
254, 0, 0, 337, 335, 13, 68.02%, 0, 9, 2, 4.46, 4633, 670, 0, 0
260, 0, 0, 339, 337, 13, 68.02%, 0, 10, 2, 4.71, 4676, 670, 0, 0
269, 0, 0, 342, 340, 13, 68.32%, 0, 10, 2, 5.56, 4767, 673, 0, 0
274, 0, 0, 344, 342, 13, 68.32%, 0, 10, 2, 6.29, 4805, 673, 0, 0
280, 0, 0, 346, 344, 13, 68.43%, 0, 10, 2, 7.16, 4849, 674, 0, 0
288, 0, 0, 349, 347, 13, 68.53%, 0, 10, 2, 7.00, 4897, 675, 0, 0
293, 0, 0, 355, 353, 13, 68.63%, 0, 10, 2, 167.46, 5010, 676, 0, 0
298, 0, 0, 362, 360, 13, 69.24%, 0, 10, 2, 58.33, 5209, 682, 0, 0
303, 0, 0, 367, 365, 13, 69.34%, 0, 10, 2, 7.96, 5305, 683, 0, 0
308, 0, 0, 370, 368, 13, 69.34%, 0, 10, 2, 6.25, 5375, 683, 0, 0
315, 0, 0, 374, 372, 13, 69.44%, 0, 10, 2, 6.70, 5468, 684, 0, 0
321, 0, 0, 378, 376, 13, 69.44%, 0, 10, 2, 3.20, 5574, 684, 0, 0
324, 0, 0, 380, 378, 13, 69.44%, 0, 10, 2, 2.38, 5626, 684, 0, 0
