# relative_time, cycles_done, cur_item, corpus_count, pending_total, pending_favs, map_size, saved_crashes, saved_hangs, max_depth, execs_per_sec, total_execs, edges_found, total_crashes, servers_count
61, 0, 70, 263, 216, 23, 43.38%, 0, 42, 2, 37.17, 9865, 226, 0, 0
66, 0, 70, 270, 223, 23, 46.45%, 0, 43, 2, 369.04, 11752, 242, 0, 0
71, 0, 70, 277, 230, 23, 46.64%, 0, 45, 2, 478.32, 13236, 243, 0, 0
76, 0, 70, 279, 232, 23, 47.02%, 0, 46, 2, 490.34, 15128, 245, 0, 0
81, 0, 70, 282, 235, 23, 47.02%, 0, 47, 2, 477.04, 17072, 245, 0, 0
86, 0, 70, 287, 240, 23, 47.02%, 0, 47, 2, 461.24, 19362, 245, 0, 0
91, 0, 70, 292, 245, 23, 47.02%, 0, 48, 2, 455.32, 21139, 245, 0, 0
96, 0, 70, 299, 252, 23, 48.18%, 0, 48, 2, 452.84, 23408, 251, 0, 0
101, 0, 70, 303, 256, 23, 48.37%, 0, 48, 2, 458.89, 25736, 252, 0, 0
106, 0, 70, 307, 260, 23, 49.33%, 0, 48, 2, 440.80, 27938, 257, 0, 0
112, 0, 70, 312, 265, 23, 50.67%, 0, 48, 2, 453.24, 30306, 264, 0, 0
117, 0, 70, 317, 270, 23, 50.86%, 0, 48, 2, 460.71, 32628, 265, 0, 0
122, 0, 70, 317, 270, 23, 50.86%, 0, 49, 2, 67.22, 34667, 265, 0, 0
127, 0, 71, 319, 272, 39, 50.86%, 0, 50, 2, 30.58, 36415, 265, 0, 0
132, 0, 71, 321, 274, 39, 51.25%, 0, 50, 2, 435.11, 38601, 267, 0, 0
138, 0, 71, 322, 275, 39, 51.25%, 0, 50, 2, 438.85, 40896, 267, 0, 0
143, 0, 71, 322, 275, 39, 51.25%, 0, 50, 2, 447.33, 43200, 267, 0, 0
148, 0, 71, 325, 278, 39, 51.25%, 0, 50, 2, 457.59, 45555, 267, 0, 0
153, 0, 71, 327, 280, 39, 51.25%, 0, 50, 2, 455.07, 47829, 267, 0, 0
158, 0, 71, 328, 281, 39, 51.25%, 0, 50, 2, 449.26, 50091, 267, 0, 0
163, 0, 71, 328, 281, 39, 51.25%, 0, 50, 2, 452.88, 52372, 267, 0, 0
168, 0, 71, 330, 283, 39, 51.25%, 0, 51, 2, 442.18, 54258, 267, 0, 0
173, 0, 71, 331, 284, 39, 51.25%, 0, 52, 2, 431.04, 56082, 267, 0, 0
178, 0, 71, 334, 287, 39, 51.25%, 0, 52, 2, 451.24, 58437, 267, 0, 0
183, 0, 71, 335, 288, 39, 51.25%, 0, 52, 2, 440.21, 60710, 267, 0, 0
189, 0, 71, 336, 289, 39, 51.44%, 0, 52, 2, 444.32, 62954, 268, 0, 0
194, 0, 71, 336, 289, 39, 51.44%, 0, 52, 2, 461.06, 65296, 268, 0, 0
199, 0, 71, 338, 291, 39, 51.63%, 0, 52, 2, 446.94, 67605, 269, 0, 0
204, 0, 72, 342, 295, 39, 51.82%, 0, 52, 2, 444.34, 69832, 270, 0, 0
204, 0, 73, 342, 295, 39, 51.82%, 0, 52, 2, 440.63, 70113, 270, 0, 0
265, 0, 78, 376, 329, 39, 53.55%, 0, 53, 2, 430.51, 96356, 279, 0, 0
270, 0, 78, 377, 330, 39, 53.55%, 0, 53, 2, 438.91, 98568, 279, 0, 0
275, 0, 78, 377, 330, 39, 53.55%, 0, 53, 2, 432.42, 100728, 279, 0, 0
280, 0, 78, 377, 330, 39, 53.55%, 0, 53, 2, 407.98, 102792, 279, 0, 0
285, 0, 116, 377, 330, 18, 53.55%, 0, 53, 2, 428.34, 104968, 279, 0, 0
290, 0, 116, 377, 330, 18, 53.55%, 0, 53, 2, 432.80, 107144, 279, 0, 0
295, 0, 116, 378, 331, 18, 53.74%, 0, 53, 2, 427.85, 109319, 280, 0, 0
300, 0, 116, 378, 331, 18, 53.74%, 0, 53, 2, 434.41, 111496, 280, 0, 0
305, 0, 116, 379, 332, 18, 53.74%, 0, 53, 2, 430.86, 113660, 280, 0, 0
311, 0, 116, 379, 332, 18, 53.74%, 0, 53, 2, 437.18, 115860, 280, 0, 0
316, 0, 116, 379, 332, 18, 53.74%, 0, 53, 2, 438.05, 118140, 280, 0, 0
321, 0, 116, 379, 332, 18, 53.74%, 0, 53, 2, 435.61, 120316, 280, 0, 0
326, 0, 116, 379, 332, 18, 53.74%, 0, 53, 2, 444.38, 122620, 280, 0, 0
331, 0, 116, 379, 332, 18, 53.74%, 0, 53, 2, 436.73, 124804, 280, 0, 0
336, 0, 116, 380, 333, 18, 53.74%, 0, 53, 2, 434.17, 126984, 280, 0, 0
341, 0, 116, 380, 333, 18, 53.74%, 0, 53, 2, 440.31, 129208, 280, 0, 0
346, 0, 116, 381, 334, 18, 54.13%, 0, 53, 2, 441.36, 131492, 282, 0, 0
351, 0, 116, 381, 334, 18, 54.13%, 0, 53, 2, 440.25, 133708, 282, 0, 0
356, 0, 116, 381, 334, 18, 54.13%, 0, 53, 2, 434.64, 135868, 282, 0, 0
361, 0, 153, 381, 334, 19, 54.13%, 0, 53, 2, 357.37, 137597, 282, 0, 0
366, 0, 153, 382, 335, 19, 54.32%, 0, 53, 2, 332.76, 139235, 283, 0, 0
371, 0, 153, 382, 335, 19, 54.32%, 0, 53, 2, 331.33, 140897, 283, 0, 0
376, 0, 153, 382, 335, 19, 54.32%, 0, 53, 2, 325.68, 142529, 283, 0, 0
382, 0, 153, 382, 335, 19, 54.32%, 0, 53, 2, 331.45, 144263, 283, 0, 0
387, 0, 153, 382, 335, 19, 54.32%, 0, 53, 2, 332.64, 145937, 283, 0, 0
392, 0, 153, 383, 336, 19, 54.32%, 0, 53, 2, 337.96, 147702, 283, 0, 0
397, 0, 153, 383, 336, 19, 54.32%, 0, 53, 2, 329.71, 149412, 283, 0, 0
402, 0, 153, 383, 336, 19, 54.32%, 0, 53, 2, 339.73, 151116, 283, 0, 0
407, 0, 153, 383, 336, 19, 54.32%, 0, 53, 2, 349.27, 152856, 283, 0, 0
412, 0, 153, 383, 336, 19, 54.32%, 0, 53, 2, 336.51, 154608, 283, 0, 0
417, 0, 153, 383, 336, 19, 54.32%, 0, 54, 2, 331.59, 156037, 283, 0, 0
423, 0, 153, 383, 336, 19, 54.32%, 0, 54, 2, 332.77, 157783, 283, 0, 0
428, 0, 153, 383, 336, 19, 54.32%, 0, 54, 2, 332.01, 159511, 283, 0, 0
433, 0, 153, 383, 336, 19, 54.32%, 0, 54, 2, 334.38, 161263, 283, 0, 0
438, 0, 153, 383, 336, 19, 54.32%, 0, 54, 2, 341.27, 162979, 283, 0, 0
443, 0, 153, 383, 336, 19, 54.32%, 0, 54, 2, 325.13, 164605, 283, 0, 0
448, 0, 153, 383, 336, 19, 54.32%, 0, 55, 2, 350.87, 165999, 283, 0, 0
454, 0, 153, 383, 336, 19, 54.32%, 0, 55, 2, 334.77, 167708, 283, 0, 0
459, 0, 166, 383, 336, 19, 54.32%, 0, 55, 2, 361.41, 169500, 283, 0, 0
464, 0, 166, 384, 337, 19, 54.51%, 0, 55, 2, 395.74, 171528, 284, 0, 0
469, 0, 166, 384, 337, 19, 54.51%, 0, 55, 2, 409.68, 173586, 284, 0, 0
474, 0, 166, 384, 337, 19, 54.51%, 0, 55, 2, 419.05, 175706, 284, 0, 0
479, 0, 166, 384, 337, 19, 54.51%, 0, 55, 2, 406.88, 177746, 284, 0, 0
484, 0, 166, 384, 337, 19, 54.51%, 0, 55, 2, 399.02, 179760, 284, 0, 0
489, 0, 166, 384, 337, 19, 54.51%, 0, 55, 2, 419.45, 181874, 284, 0, 0
489, 0, 167, 384, 337, 19, 54.51%, 0, 55, 2, 418.86, 182142, 284, 0, 0
