# relative_time, cycles_done, cur_item, corpus_count, pending_total, pending_favs, map_size, saved_crashes, saved_hangs, max_depth, execs_per_sec, total_execs, edges_found, total_crashes, servers_count
63, 0, 71, 260, 213, 39, 46.83%, 0, 33, 2, 79.73, 15466, 244, 0, 0
69, 0, 71, 266, 219, 39, 49.14%, 0, 35, 2, 57.22, 17050, 256, 0, 0
74, 0, 71, 270, 223, 39, 49.14%, 0, 38, 2, 465.00, 18012, 256, 0, 0
80, 0, 71, 272, 225, 39, 49.14%, 0, 40, 2, 9.73, 19861, 256, 0, 0
85, 0, 71, 278, 231, 39, 49.33%, 0, 41, 2, 440.12, 21843, 257, 0, 0
91, 0, 71, 283, 236, 39, 49.33%, 0, 43, 2, 26.12, 23596, 257, 0, 0
96, 0, 71, 287, 240, 39, 49.33%, 0, 44, 2, 464.79, 25498, 257, 0, 0
102, 0, 71, 290, 243, 39, 49.52%, 0, 46, 2, 30.67, 27261, 258, 0, 0
107, 0, 89, 291, 239, 33, 49.52%, 0, 48, 2, 18.06, 28907, 258, 0, 0
113, 0, 89, 306, 254, 33, 50.10%, 0, 50, 2, 20.62, 30342, 261, 0, 0
118, 0, 89, 313, 261, 33, 50.10%, 0, 51, 2, 418.75, 32001, 261, 0, 0
123, 0, 89, 319, 267, 33, 51.06%, 0, 52, 2, 433.94, 33664, 266, 0, 0
128, 0, 89, 324, 272, 33, 51.06%, 0, 52, 2, 355.13, 35440, 266, 0, 0
133, 0, 89, 328, 276, 33, 51.25%, 0, 52, 2, 364.56, 37322, 267, 0, 0
138, 0, 89, 329, 277, 33, 51.63%, 0, 54, 2, 414.33, 38430, 269, 0, 0
140, 0, 90, 329, 277, 33, 51.63%, 0, 54, 2, 378.97, 39050, 269, 0, 0
140, 0, 90, 329, 277, 33, 51.63%, 0, 54, 2, 0.00, 39050, 269, 0, 0
140, 0, 90, 329, 277, 33, 51.63%, 0, 54, 2, 0.00, 39050, 269, 0, 0
140, 0, 90, 329, 277, 33, 51.63%, 0, 54, 2, 0.00, 39050, 269, 0, 0
204, 2, 356, 358, 256, 2, 53.55%, 0, 58, 3, 300.47, 58918, 279, 0, 0
209, 3, 95, 358, 243, 0, 53.55%, 0, 58, 3, 353.74, 60726, 279, 0, 0
214, 3, 133, 358, 237, 0, 53.55%, 0, 58, 3, 310.88, 62351, 279, 0, 0
220, 3, 162, 359, 232, 0, 53.74%, 0, 58, 3, 258.73, 63813, 280, 0, 0
225, 3, 191, 360, 226, 0, 53.93%, 0, 58, 3, 282.61, 65153, 281, 0, 0
230, 3, 244, 361, 213, 0, 54.13%, 0, 58, 3, 341.28, 66948, 282, 0, 0
235, 3, 361, 362, 206, 1, 54.32%, 0, 58, 3, 325.62, 68616, 283, 0, 0
240, 4, 120, 362, 193, 0, 54.32%, 0, 58, 3, 351.32, 70485, 283, 0, 0
245, 4, 137, 362, 190, 0, 54.32%, 0, 59, 3, 145.12, 71511, 283, 0, 0
251, 4, 161, 362, 184, 0, 54.32%, 0, 59, 3, 188.81, 72757, 283, 0, 0
256, 4, 275, 362, 169, 0, 54.32%, 0, 59, 3, 292.55, 74364, 283, 0, 0
261, 4, 314, 364, 162, 0, 54.32%, 0, 59, 3, 271.32, 75800, 283, 0, 0
266, 5, 32, 365, 160, 0, 54.51%, 0, 59, 3, 266.76, 77131, 284, 0, 0
271, 5, 140, 365, 151, 0, 54.51%, 0, 59, 3, 336.36, 78991, 284, 0, 0
276, 5, 215, 365, 142, 0, 54.51%, 0, 59, 3, 289.95, 80226, 284, 0, 0
281, 5, 285, 365, 128, 0, 54.51%, 0, 59, 3, 302.15, 81922, 284, 0, 0
286, 5, 331, 365, 121, 0, 54.51%, 0, 59, 3, 317.76, 83623, 284, 0, 0
291, 5, 334, 365, 121, 0, 54.51%, 0, 59, 3, 247.91, 84869, 284, 0, 0
296, 5, 338, 366, 121, 0, 54.70%, 0, 59, 3, 281.70, 86366, 285, 0, 0
302, 5, 347, 367, 122, 0, 54.70%, 0, 59, 3, 335.86, 88208, 285, 0, 0
307, 5, 366, 367, 121, 1, 54.70%, 0, 60, 3, 23.13, 89657, 285, 0, 0
312, 6, 118, 367, 115, 0, 54.70%, 0, 60, 3, 331.18, 91302, 285, 0, 0
317, 6, 276, 368, 106, 0, 54.70%, 0, 60, 3, 337.36, 93145, 285, 0, 0
322, 6, 330, 368, 101, 0, 54.70%, 0, 60, 3, 318.97, 94803, 285, 0, 0
327, 6, 334, 368, 101, 0, 54.70%, 0, 60, 3, 292.37, 96238, 285, 0, 0
333, 6, 339, 368, 101, 0, 54.70%, 0, 60, 3, 242.59, 97369, 285, 0, 0
338, 6, 355, 368, 101, 0, 54.70%, 0, 60, 3, 292.84, 98968, 285, 0, 0
343, 7, 123, 368, 98, 0, 54.70%, 0, 60, 3, 344.09, 100762, 285, 0, 0
348, 7, 139, 368, 95, 0, 54.70%, 0, 60, 3, 256.34, 102089, 285, 0, 0
353, 7, 246, 368, 84, 0, 54.70%, 0, 60, 3, 283.96, 103574, 285, 0, 0
358, 7, 330, 368, 73, 0, 54.70%, 0, 60, 3, 301.68, 105194, 285, 0, 0
363, 7, 334, 368, 73, 0, 54.70%, 0, 60, 3, 269.08, 106644, 285, 0, 0
368, 7, 340, 368, 73, 0, 54.70%, 0, 60, 3, 289.22, 108014, 285, 0, 0
373, 7, 361, 368, 73, 0, 54.70%, 0, 60, 3, 285.68, 109449, 285, 0, 0
379, 8, 208, 369, 69, 0, 54.70%, 0, 60, 3, 324.02, 111116, 285, 0, 0
384, 8, 311, 369, 61, 0, 54.70%, 0, 60, 3, 334.17, 112872, 285, 0, 0
389, 8, 369, 370, 61, 1, 54.89%, 0, 60, 3, 349.39, 114885, 286, 0, 0
394, 9, 203, 370, 54, 0, 54.89%, 0, 60, 3, 303.01, 116369, 286, 0, 0
399, 9, 323, 370, 48, 0, 54.89%, 0, 60, 3, 335.46, 118105, 286, 0, 0
404, 9, 333, 370, 46, 0, 54.89%, 0, 60, 3, 310.43, 119734, 286, 0, 0
409, 9, 340, 370, 46, 0, 54.89%, 0, 60, 3, 290.60, 121168, 286, 0, 0
414, 9, 363, 370, 46, 0, 54.89%, 0, 60, 3, 312.94, 122834, 286, 0, 0
419, 10, 121, 370, 43, 0, 54.89%, 0, 60, 3, 369.85, 124709, 286, 0, 0
424, 10, 297, 370, 38, 0, 54.89%, 0, 60, 3, 305.97, 126063, 286, 0, 0
429, 10, 331, 370, 37, 0, 54.89%, 0, 60, 3, 323.06, 127643, 286, 0, 0
434, 10, 340, 370, 37, 0, 54.89%, 0, 60, 3, 296.27, 129144, 286, 0, 0
439, 10, 361, 370, 36, 0, 54.89%, 0, 60, 3, 303.81, 130689, 286, 0, 0
446, 10, 370, 371, 36, 1, 54.89%, 0, 60, 4, 356.93, 133207, 286, 0, 0
451, 11, 122, 371, 32, 0, 54.89%, 0, 60, 4, 333.86, 134773, 286, 0, 0
456, 11, 273, 371, 27, 0, 54.89%, 0, 60, 4, 310.15, 136302, 286, 0, 0
461, 11, 331, 371, 23, 0, 54.89%, 0, 60, 4, 360.42, 138214, 286, 0, 0
466, 11, 343, 371, 23, 0, 54.89%, 0, 60, 4, 330.43, 139809, 286, 0, 0
467, 11, 346, 371, 23, 0, 54.89%, 0, 60, 4, 349.38, 140153, 286, 0, 0
467, 11, 346, 371, 23, 0, 54.89%, 0, 60, 4, 0.00, 140153, 286, 0, 0
467, 11, 346, 371, 23, 0, 54.89%, 0, 60, 4, 0.00, 140153, 286, 0, 0
467, 11, 346, 371, 23, 0, 54.89%, 0, 60, 4, 0.00, 140153, 286, 0, 0
