# relative_time, cycles_done, cur_item, corpus_count, pending_total, pending_favs, map_size, saved_crashes, saved_hangs, max_depth, execs_per_sec, total_execs, edges_found, total_crashes, servers_count
47, 0, 125, 135, 71, 12, 36.31%, 0, 0, 2, 159.98, 8703, 195, 0, 0
110, 0, 141, 162, 96, 4, 39.29%, 0, 0, 2, 28.30, 11497, 211, 0, 0
115, 0, 141, 162, 96, 4, 39.29%, 0, 0, 2, 30.27, 11655, 211, 0, 0
120, 0, 141, 162, 96, 4, 39.29%, 0, 0, 2, 28.24, 11793, 211, 0, 0
125, 0, 141, 163, 97, 4, 39.29%, 0, 0, 2, 27.85, 11938, 211, 0, 0
130, 0, 141, 163, 97, 4, 39.29%, 0, 0, 2, 28.39, 12076, 211, 0, 0
135, 0, 141, 164, 98, 4, 39.48%, 0, 0, 2, 31.39, 12237, 212, 0, 0
140, 0, 141, 164, 98, 4, 39.48%, 0, 0, 2, 29.21, 12388, 212, 0, 0
146, 0, 141, 164, 98, 4, 39.48%, 0, 0, 2, 31.37, 12546, 212, 0, 0
151, 0, 141, 164, 98, 4, 39.48%, 0, 0, 2, 29.14, 12683, 212, 0, 0
156, 0, 141, 165, 99, 4, 39.48%, 0, 0, 2, 31.19, 12817, 212, 0, 0
161, 0, 141, 165, 99, 4, 39.48%, 0, 0, 2, 31.45, 12973, 212, 0, 0
166, 0, 141, 165, 99, 4, 39.48%, 0, 0, 2, 30.08, 13127, 212, 0, 0
171, 0, 141, 165, 99, 4, 39.48%, 0, 0, 2, 29.09, 13272, 212, 0, 0
176, 0, 141, 165, 99, 4, 39.48%, 0, 0, 2, 30.80, 13431, 212, 0, 0
181, 0, 141, 165, 99, 4, 39.48%, 0, 0, 2, 26.07, 13540, 212, 0, 0
186, 0, 141, 165, 99, 4, 39.48%, 0, 0, 2, 28.86, 13690, 212, 0, 0
191, 0, 141, 165, 99, 4, 39.48%, 0, 0, 2, 27.01, 13834, 212, 0, 0
197, 0, 141, 166, 100, 4, 39.66%, 0, 0, 2, 28.97, 13992, 213, 0, 0
202, 0, 141, 166, 100, 4, 39.66%, 0, 0, 2, 27.46, 14131, 213, 0, 0
207, 0, 141, 166, 100, 4, 39.66%, 0, 0, 2, 30.85, 14291, 213, 0, 0
212, 0, 141, 167, 101, 4, 39.85%, 0, 0, 2, 30.98, 14445, 214, 0, 0
217, 0, 141, 168, 102, 4, 40.22%, 0, 0, 2, 30.52, 14601, 216, 0, 0
222, 0, 141, 169, 103, 4, 40.22%, 0, 0, 2, 29.34, 14756, 216, 0, 0
228, 0, 141, 169, 103, 4, 40.22%, 0, 0, 2, 29.10, 14902, 216, 0, 0
233, 0, 141, 170, 104, 4, 40.41%, 0, 0, 2, 28.87, 15050, 217, 0, 0
238, 0, 141, 171, 105, 4, 40.41%, 0, 0, 2, 27.35, 15195, 217, 0, 0
243, 0, 141, 171, 105, 4, 40.41%, 0, 0, 2, 29.07, 15346, 217, 0, 0
248, 0, 141, 171, 105, 4, 40.41%, 0, 0, 2, 29.55, 15493, 217, 0, 0
253, 0, 141, 171, 105, 4, 40.41%, 0, 0, 2, 30.26, 15651, 217, 0, 0
258, 0, 141, 171, 105, 4, 40.41%, 0, 0, 2, 28.21, 15792, 217, 0, 0
263, 0, 141, 172, 106, 4, 40.41%, 0, 0, 2, 29.32, 15943, 217, 0, 0
268, 0, 141, 172, 106, 4, 40.41%, 0, 0, 2, 28.90, 16087, 217, 0, 0
273, 0, 141, 172, 106, 4, 40.41%, 0, 0, 2, 27.57, 16227, 217, 0, 0
278, 0, 141, 173, 107, 4, 40.41%, 0, 0, 2, 29.78, 16377, 217, 0, 0
284, 0, 141, 173, 107, 4, 40.41%, 0, 0, 2, 29.73, 16525, 217, 0, 0
289, 0, 141, 173, 107, 4, 40.41%, 0, 0, 2, 29.41, 16671, 217, 0, 0
294, 0, 141, 173, 107, 4, 40.41%, 0, 0, 2, 27.36, 16800, 217, 0, 0
299, 0, 141, 173, 107, 4, 40.41%, 0, 0, 2, 27.46, 16941, 217, 0, 0
304, 0, 141, 173, 107, 4, 40.41%, 0, 0, 2, 28.62, 17086, 217, 0, 0
309, 0, 141, 173, 107, 4, 40.41%, 0, 0, 2, 28.90, 17234, 217, 0, 0
314, 0, 141, 173, 107, 4, 40.41%, 0, 0, 2, 26.94, 17372, 217, 0, 0
319, 0, 141, 174, 108, 4, 40.78%, 0, 0, 2, 28.41, 17523, 219, 0, 0
325, 0, 141, 174, 108, 4, 40.78%, 0, 0, 2, 27.91, 17665, 219, 0, 0
330, 0, 141, 174, 108, 4, 40.78%, 0, 0, 2, 29.05, 17814, 219, 0, 0
335, 0, 141, 174, 108, 4, 40.78%, 0, 0, 2, 28.92, 17957, 219, 0, 0
340, 0, 141, 174, 108, 4, 40.78%, 0, 0, 2, 30.19, 18111, 219, 0, 0
345, 0, 141, 174, 108, 4, 40.78%, 0, 0, 2, 28.21, 18241, 219, 0, 0
350, 0, 141, 174, 108, 4, 40.78%, 0, 0, 2, 30.16, 18394, 219, 0, 0
355, 0, 141, 174, 108, 4, 40.78%, 0, 0, 2, 28.10, 18539, 219, 0, 0
360, 0, 141, 174, 108, 4, 40.78%, 0, 0, 2, 28.95, 18693, 219, 0, 0
366, 0, 141, 174, 108, 4, 40.78%, 0, 0, 2, 30.72, 18848, 219, 0, 0
371, 0, 141, 174, 108, 4, 40.78%, 0, 0, 2, 29.03, 18996, 219, 0, 0
376, 0, 141, 174, 108, 4, 40.78%, 0, 0, 2, 28.30, 19134, 219, 0, 0
381, 0, 141, 174, 108, 4, 40.78%, 0, 0, 2, 28.09, 19275, 219, 0, 0
386, 0, 141, 174, 108, 4, 40.78%, 0, 0, 2, 26.02, 19398, 219, 0, 0
391, 0, 141, 174, 108, 4, 40.78%, 0, 0, 2, 27.03, 19541, 219, 0, 0
396, 0, 141, 174, 108, 4, 40.78%, 0, 0, 2, 29.06, 19690, 219, 0, 0
401, 0, 141, 174, 108, 4, 40.78%, 0, 0, 2, 43.51, 19831, 219, 0, 0
406, 0, 141, 174, 108, 4, 40.78%, 0, 0, 2, 16.47, 19960, 219, 0, 0
411, 0, 141, 174, 108, 4, 40.78%, 0, 0, 2, 25.64, 20109, 219, 0, 0
416, 0, 141, 174, 108, 4, 40.78%, 0, 0, 2, 27.28, 20248, 219, 0, 0
421, 0, 141, 174, 108, 4, 40.78%, 0, 0, 2, 29.20, 20396, 219, 0, 0
426, 0, 141, 174, 108, 4, 40.78%, 0, 0, 2, 29.97, 20549, 219, 0, 0
431, 0, 141, 174, 108, 4, 40.78%, 0, 0, 2, 31.25, 20702, 219, 0, 0
437, 0, 141, 174, 108, 4, 40.78%, 0, 0, 2, 31.83, 20864, 219, 0, 0
442, 0, 141, 174, 108, 4, 40.78%, 0, 0, 2, 28.54, 21005, 219, 0, 0
447, 0, 141, 174, 108, 4, 40.78%, 0, 0, 2, 29.06, 21148, 219, 0, 0
452, 0, 141, 176, 110, 4, 40.78%, 0, 0, 2, 30.68, 21311, 219, 0, 0
457, 0, 141, 176, 110, 4, 40.78%, 0, 0, 2, 27.39, 21452, 219, 0, 0
462, 0, 141, 176, 110, 4, 40.78%, 0, 0, 2, 31.06, 21612, 219, 0, 0
467, 0, 141, 176, 110, 4, 40.78%, 0, 0, 2, 29.08, 21758, 219, 0, 0
472, 0, 141, 176, 110, 4, 40.78%, 0, 0, 2, 28.41, 21906, 219, 0, 0
478, 0, 141, 176, 110, 4, 40.78%, 0, 0, 2, 27.86, 22051, 219, 0, 0
483, 0, 141, 176, 110, 4, 40.78%, 0, 0, 2, 27.77, 22193, 219, 0, 0
488, 0, 141, 176, 110, 4, 40.78%, 0, 0, 2, 27.41, 22331, 219, 0, 0
493, 0, 141, 176, 110, 4, 40.78%, 0, 0, 2, 28.49, 22480, 219, 0, 0
498, 0, 141, 176, 110, 4, 40.78%, 0, 0, 2, 28.06, 22620, 219, 0, 0
503, 0, 141, 176, 110, 4, 40.78%, 0, 0, 2, 27.95, 22762, 219, 0, 0
508, 0, 141, 176, 110, 4, 40.78%, 0, 0, 2, 29.93, 22911, 219, 0, 0
513, 0, 141, 176, 110, 4, 40.78%, 0, 0, 2, 27.76, 23052, 219, 0, 0
518, 0, 141, 176, 110, 4, 40.78%, 0, 0, 2, 29.34, 23200, 219, 0, 0
523, 0, 141, 176, 110, 4, 40.78%, 0, 0, 2, 18.39, 23323, 219, 0, 0
529, 0, 141, 176, 110, 4, 40.78%, 0, 0, 2, 26.31, 23473, 219, 0, 0
534, 0, 141, 176, 110, 4, 40.78%, 0, 0, 2, 29.18, 23611, 219, 0, 0
539, 0, 141, 176, 110, 4, 40.78%, 0, 0, 2, 26.93, 23751, 219, 0, 0
544, 0, 141, 176, 110, 4, 40.78%, 0, 0, 2, 28.37, 23897, 219, 0, 0
549, 0, 141, 176, 110, 4, 40.78%, 0, 0, 2, 30.08, 24052, 219, 0, 0
554, 0, 141, 176, 110, 4, 40.78%, 0, 0, 2, 29.49, 24203, 219, 0, 0
559, 0, 141, 176, 110, 4, 40.78%, 0, 0, 2, 28.62, 24347, 219, 0, 0
564, 0, 141, 176, 110, 4, 40.78%, 0, 0, 2, 26.77, 24482, 219, 0, 0
570, 0, 141, 176, 110, 4, 40.78%, 0, 0, 2, 29.76, 24633, 219, 0, 0
575, 0, 141, 176, 110, 4, 40.78%, 0, 0, 2, 28.92, 24780, 219, 0, 0
580, 0, 141, 176, 110, 4, 40.78%, 0, 0, 2, 29.31, 24931, 219, 0, 0
585, 0, 141, 176, 110, 4, 40.78%, 0, 0, 2, 28.54, 25076, 219, 0, 0
590, 0, 141, 176, 110, 4, 40.78%, 0, 0, 2, 28.49, 25223, 219, 0, 0
595, 0, 141, 176, 110, 4, 40.78%, 0, 0, 2, 29.07, 25372, 219, 0, 0
600, 0, 141, 176, 110, 4, 40.78%, 0, 0, 2, 30.23, 25528, 219, 0, 0
605, 0, 141, 176, 110, 4, 40.78%, 0, 0, 2, 28.17, 25675, 219, 0, 0
611, 0, 141, 176, 110, 4, 40.78%, 0, 0, 2, 28.47, 25821, 219, 0, 0
616, 0, 141, 176, 110, 4, 40.78%, 0, 0, 2, 28.17, 25963, 219, 0, 0
621, 0, 141, 176, 110, 4, 40.78%, 0, 0, 2, 28.67, 26116, 219, 0, 0
626, 0, 141, 176, 110, 4, 40.78%, 0, 0, 2, 28.43, 26263, 219, 0, 0
631, 0, 141, 176, 110, 4, 40.78%, 0, 0, 2, 26.60, 26388, 219, 0, 0
636, 0, 141, 176, 110, 4, 40.78%, 0, 0, 2, 28.00, 26532, 219, 0, 0
641, 0, 141, 176, 110, 4, 40.78%, 0, 0, 2, 28.91, 26682, 219, 0, 0
646, 0, 141, 176, 110, 4, 40.78%, 0, 0, 2, 28.64, 26822, 219, 0, 0
651, 0, 141, 176, 110, 4, 40.78%, 0, 0, 2, 28.43, 26968, 219, 0, 0
656, 0, 141, 176, 110, 4, 40.78%, 0, 0, 2, 28.11, 27112, 219, 0, 0
662, 0, 141, 176, 110, 4, 40.78%, 0, 0, 2, 22.70, 27243, 219, 0, 0
665, 0, 141, 176, 110, 4, 40.78%, 0, 0, 2, 27.17, 27342, 219, 0, 0
