# relative_time, cycles_done, cur_item, corpus_count, pending_total, pending_favs, map_size, saved_crashes, saved_hangs, max_depth, execs_per_sec, total_execs, edges_found, total_crashes, servers_count
63, 0, 34, 287, 240, 25, 41.27%, 0, 38, 2, 451.56, 12725, 215, 0, 0
68, 0, 34, 296, 249, 25, 43.38%, 0, 38, 2, 463.41, 15063, 226, 0, 0
73, 0, 69, 301, 253, 40, 45.49%, 0, 41, 2, 450.00, 15980, 237, 0, 0
78, 0, 69, 305, 257, 40, 45.49%, 0, 45, 2, 415.39, 16477, 237, 0, 0
83, 0, 69, 311, 263, 40, 47.60%, 0, 48, 2, 37.51, 17365, 248, 0, 0
88, 0, 69, 321, 273, 40, 49.14%, 0, 48, 2, 429.44, 19537, 256, 0, 0
93, 0, 69, 325, 277, 40, 49.14%, 0, 50, 2, 8.71, 20936, 256, 0, 0
99, 0, 69, 331, 283, 40, 49.71%, 0, 52, 2, 57.02, 22577, 259, 0, 0
104, 0, 69, 336, 288, 40, 50.10%, 0, 53, 2, 400.68, 24247, 261, 0, 0
109, 0, 69, 342, 294, 40, 50.29%, 0, 53, 2, 419.57, 26374, 262, 0, 0
114, 0, 69, 345, 297, 40, 50.48%, 0, 55, 2, 448.49, 27666, 263, 0, 0
120, 0, 122, 348, 290, 30, 51.06%, 0, 56, 3, 62.39, 29802, 266, 0, 0
125, 0, 215, 355, 286, 20, 51.25%, 0, 56, 3, 437.06, 32045, 267, 0, 0
130, 0, 215, 358, 289, 20, 51.44%, 0, 56, 3, 450.65, 34303, 268, 0, 0
135, 0, 215, 358, 289, 20, 51.44%, 0, 56, 3, 452.19, 36572, 268, 0, 0
141, 0, 101, 358, 281, 13, 51.44%, 0, 56, 3, 445.60, 38871, 268, 0, 0
146, 0, 301, 362, 274, 6, 51.44%, 0, 57, 3, 397.66, 40610, 268, 0, 0
151, 0, 230, 366, 266, 2, 51.44%, 0, 57, 4, 415.29, 42739, 268, 0, 0
156, 0, 117, 368, 254, 2, 51.63%, 0, 57, 5, 414.09, 44864, 269, 0, 0
161, 0, 270, 368, 240, 1, 51.63%, 0, 57, 5, 433.91, 47100, 269, 0, 0
166, 0, 297, 372, 238, 1, 51.63%, 0, 57, 5, 317.17, 48689, 269, 0, 0
171, 0, 297, 374, 240, 1, 51.63%, 0, 58, 5, 27.65, 49712, 269, 0, 0
176, 0, 297, 374, 240, 1, 51.63%, 0, 58, 5, 253.49, 50947, 269, 0, 0
181, 0, 297, 374, 240, 1, 51.63%, 0, 60, 5, 228.74, 51710, 269, 0, 0
186, 0, 297, 376, 242, 1, 51.82%, 0, 60, 5, 244.57, 52958, 270, 0, 0
191, 0, 297, 376, 242, 1, 51.82%, 0, 60, 5, 243.14, 54170, 270, 0, 0
196, 0, 297, 376, 242, 1, 51.82%, 0, 60, 5, 241.82, 55387, 270, 0, 0
201, 0, 297, 378, 244, 1, 51.82%, 0, 60, 5, 239.37, 56590, 270, 0, 0
207, 0, 366, 380, 243, 1, 51.82%, 0, 60, 6, 286.24, 58033, 270, 0, 0
212, 0, 292, 381, 242, 1, 52.02%, 0, 60, 6, 314.04, 59656, 271, 0, 0
217, 0, 146, 390, 245, 1, 52.40%, 0, 60, 6, 308.44, 61363, 273, 0, 0
222, 0, 146, 390, 245, 1, 52.40%, 0, 60, 6, 272.44, 62702, 273, 0, 0
227, 0, 321, 392, 244, 1, 52.59%, 0, 61, 6, 367.55, 63996, 274, 0, 0
232, 0, 379, 398, 249, 1, 53.17%, 0, 61, 7, 339.18, 65681, 277, 0, 0
232, 0, 379, 398, 249, 1, 53.17%, 0, 61, 7, 334.87, 65771, 277, 0, 0
296, 0, 132, 410, 221, 0, 54.70%, 0, 61, 7, 370.53, 88902, 285, 0, 0
301, 0, 319, 410, 212, 0, 54.70%, 0, 61, 7, 357.88, 90727, 285, 0, 0
307, 0, 364, 411, 210, 0, 54.70%, 0, 61, 7, 376.79, 93018, 285, 0, 0
312, 0, 89, 411, 207, 0, 54.70%, 0, 61, 7, 377.28, 94950, 285, 0, 0
317, 0, 376, 411, 202, 0, 54.70%, 0, 61, 7, 338.55, 96555, 285, 0, 0
322, 0, 405, 411, 199, 0, 54.70%, 0, 61, 7, 313.87, 98186, 285, 0, 0
327, 0, 402, 411, 192, 0, 54.70%, 0, 61, 7, 355.70, 100146, 285, 0, 0
332, 0, 404, 411, 187, 0, 54.70%, 0, 61, 7, 365.98, 102183, 285, 0, 0
337, 0, 202, 411, 186, 0, 54.70%, 0, 61, 7, 332.04, 103887, 285, 0, 0
344, 0, 396, 412, 179, 0, 54.89%, 0, 61, 7, 379.62, 106401, 286, 0, 0
349, 0, 161, 412, 176, 0, 54.89%, 0, 61, 7, 361.75, 108281, 286, 0, 0
354, 0, 84, 412, 172, 0, 54.89%, 0, 61, 7, 351.22, 110001, 286, 0, 0
359, 0, 402, 412, 168, 0, 54.89%, 0, 61, 7, 365.77, 111873, 286, 0, 0
364, 0, 379, 412, 164, 0, 54.89%, 0, 61, 7, 377.54, 113850, 286, 0, 0
369, 0, 404, 412, 162, 0, 54.89%, 0, 61, 7, 357.93, 115557, 286, 0, 0
374, 0, 327, 413, 161, 0, 54.89%, 0, 62, 7, 392.15, 117063, 286, 0, 0
379, 0, 398, 413, 158, 0, 54.89%, 0, 62, 7, 355.57, 118810, 286, 0, 0
384, 0, 346, 413, 156, 0, 54.89%, 0, 62, 7, 366.60, 120679, 286, 0, 0
389, 0, 123, 413, 155, 0, 54.89%, 0, 63, 7, 181.49, 121830, 286, 0, 0
394, 0, 398, 413, 152, 0, 54.89%, 0, 63, 7, 329.42, 123668, 286, 0, 0
399, 0, 413, 414, 153, 1, 54.89%, 0, 63, 7, 310.58, 125348, 286, 0, 0
404, 0, 387, 414, 148, 0, 54.89%, 0, 63, 7, 335.31, 127003, 286, 0, 0
410, 0, 384, 414, 141, 0, 54.89%, 0, 63, 7, 324.61, 128588, 286, 0, 0
415, 0, 294, 414, 139, 0, 54.89%, 0, 63, 7, 297.14, 129964, 286, 0, 0
420, 0, 310, 415, 135, 0, 55.28%, 0, 63, 7, 331.04, 131724, 288, 0, 0
425, 0, 249, 415, 131, 0, 55.28%, 0, 63, 7, 351.01, 133597, 288, 0, 0
430, 0, 390, 416, 129, 0, 55.28%, 0, 63, 8, 325.61, 135123, 288, 0, 0
435, 0, 369, 416, 128, 0, 55.28%, 0, 63, 8, 374.52, 137328, 288, 0, 0
440, 0, 375, 416, 123, 0, 55.28%, 0, 63, 8, 361.47, 139176, 288, 0, 0
445, 0, 396, 416, 120, 0, 55.28%, 0, 63, 8, 321.32, 140780, 288, 0, 0
450, 0, 291, 416, 118, 0, 55.28%, 0, 63, 8, 292.80, 142168, 288, 0, 0
456, 0, 389, 417, 111, 0, 55.47%, 0, 63, 8, 302.83, 143806, 289, 0, 0
461, 0, 400, 418, 107, 0, 55.47%, 0, 63, 8, 330.68, 145480, 289, 0, 0
466, 0, 401, 418, 104, 0, 55.47%, 0, 63, 8, 315.67, 147162, 289, 0, 0
471, 0, 234, 418, 104, 0, 55.47%, 0, 63, 8, 358.60, 149019, 289, 0, 0
476, 0, 397, 418, 104, 0, 55.47%, 0, 63, 8, 362.20, 150927, 289, 0, 0
481, 0, 402, 418, 101, 0, 55.47%, 0, 63, 8, 338.74, 152619, 289, 0, 0
487, 0, 351, 418, 97, 0, 55.47%, 0, 63, 8, 375.36, 155160, 289, 0, 0
492, 0, 414, 418, 95, 0, 55.47%, 0, 63, 8, 321.83, 156684, 289, 0, 0
497, 0, 407, 418, 94, 0, 55.47%, 0, 63, 8, 329.51, 158392, 289, 0, 0
503, 0, 125, 418, 93, 0, 55.47%, 0, 63, 8, 331.74, 160121, 289, 0, 0
505, 0, 402, 418, 91, 0, 55.47%, 0, 63, 8, 348.35, 160774, 289, 0, 0
