# relative_time, cycles_done, cur_item, corpus_count, pending_total, pending_favs, map_size, saved_crashes, saved_hangs, max_depth, execs_per_sec, total_execs, edges_found, total_crashes, servers_count
50, 0, 68, 153, 89, 8, 29.53%, 0, 0, 2, 196.90, 8661, 298, 0, 0
110, 0, 154, 161, 95, 2, 31.62%, 0, 0, 2, 150.01, 18071, 319, 0, 0
115, 0, 154, 162, 96, 2, 31.71%, 0, 0, 2, 157.73, 18845, 320, 0, 0
120, 0, 154, 162, 96, 2, 31.71%, 0, 0, 2, 151.12, 19595, 320, 0, 0
125, 0, 155, 164, 97, 3, 32.11%, 0, 0, 2, 17.67, 19893, 324, 0, 0
130, 0, 155, 167, 100, 3, 32.21%, 0, 0, 2, 30.32, 20069, 325, 0, 0
136, 0, 155, 167, 100, 3, 32.21%, 0, 0, 2, 34.14, 20250, 325, 0, 0
141, 0, 155, 167, 100, 3, 32.21%, 0, 0, 2, 35.25, 20435, 325, 0, 0
146, 0, 155, 167, 100, 3, 32.21%, 0, 0, 2, 34.76, 20613, 325, 0, 0
151, 0, 155, 169, 102, 3, 32.21%, 0, 0, 2, 33.41, 20779, 325, 0, 0
156, 0, 155, 170, 103, 3, 32.51%, 0, 0, 2, 34.27, 20947, 328, 0, 0
161, 0, 155, 170, 103, 3, 32.51%, 0, 0, 2, 30.49, 21105, 328, 0, 0
166, 0, 155, 170, 103, 3, 32.51%, 0, 0, 2, 28.60, 21249, 328, 0, 0
172, 0, 157, 171, 102, 6, 32.51%, 0, 0, 3, 114.53, 21697, 328, 0, 0
177, 0, 157, 171, 102, 6, 32.51%, 0, 0, 3, 22.95, 21807, 328, 0, 0
182, 0, 157, 172, 103, 6, 32.71%, 0, 0, 3, 31.26, 21976, 330, 0, 0
187, 0, 157, 172, 103, 6, 32.71%, 0, 0, 3, 34.42, 22157, 330, 0, 0
192, 0, 157, 172, 103, 6, 32.71%, 0, 0, 3, 34.05, 22303, 330, 0, 0
197, 0, 163, 173, 103, 6, 32.71%, 0, 0, 3, 33.42, 22469, 330, 0, 0
203, 0, 163, 174, 104, 6, 33.30%, 0, 0, 3, 32.23, 22634, 336, 0, 0
208, 0, 163, 175, 105, 6, 33.30%, 0, 0, 3, 31.43, 22788, 336, 0, 0
213, 0, 163, 176, 106, 6, 33.30%, 0, 0, 3, 31.57, 22946, 336, 0, 0
218, 0, 163, 176, 106, 6, 33.30%, 0, 0, 3, 32.79, 23090, 336, 0, 0
223, 0, 163, 177, 107, 6, 33.30%, 0, 0, 3, 33.01, 23235, 336, 0, 0
228, 0, 163, 177, 107, 6, 33.30%, 0, 0, 3, 32.24, 23403, 336, 0, 0
234, 0, 163, 178, 108, 6, 33.50%, 0, 0, 3, 32.71, 23577, 338, 0, 0
239, 0, 163, 180, 110, 6, 33.50%, 0, 0, 3, 33.81, 23747, 338, 0, 0
244, 0, 163, 181, 111, 6, 33.50%, 0, 0, 3, 32.35, 23885, 338, 0, 0
249, 0, 163, 181, 111, 6, 33.50%, 0, 0, 3, 33.83, 24059, 338, 0, 0
254, 0, 163, 182, 112, 6, 33.50%, 0, 0, 3, 33.09, 24229, 338, 0, 0
259, 0, 163, 183, 113, 6, 33.60%, 0, 0, 3, 32.17, 24387, 339, 0, 0
264, 0, 163, 183, 113, 6, 33.60%, 0, 0, 3, 33.51, 24561, 339, 0, 0
269, 0, 163, 183, 113, 6, 33.60%, 0, 0, 3, 33.70, 24735, 339, 0, 0
274, 0, 163, 184, 114, 6, 33.80%, 0, 0, 3, 34.47, 24914, 341, 0, 0
280, 0, 163, 185, 115, 6, 33.80%, 0, 0, 3, 35.75, 25074, 341, 0, 0
285, 0, 163, 186, 116, 6, 33.89%, 0, 0, 3, 34.92, 25255, 342, 0, 0
290, 0, 163, 186, 116, 6, 33.89%, 0, 0, 3, 33.52, 25425, 342, 0, 0
295, 0, 163, 186, 116, 6, 33.89%, 0, 0, 3, 34.08, 25602, 342, 0, 0
300, 0, 163, 186, 116, 6, 33.89%, 0, 0, 3, 26.06, 25761, 342, 0, 0
305, 0, 163, 186, 116, 6, 33.89%, 0, 0, 3, 32.85, 25937, 342, 0, 0
310, 0, 163, 186, 116, 6, 33.89%, 0, 0, 3, 32.83, 26106, 342, 0, 0
316, 0, 163, 187, 117, 6, 33.89%, 0, 0, 3, 34.97, 26291, 342, 0, 0
321, 0, 163, 188, 118, 6, 33.89%, 0, 0, 3, 34.40, 26462, 342, 0, 0
326, 0, 163, 188, 118, 6, 33.89%, 0, 0, 3, 33.55, 26635, 342, 0, 0
331, 0, 163, 188, 118, 6, 33.89%, 0, 0, 3, 33.31, 26810, 342, 0, 0
336, 0, 163, 189, 119, 6, 33.89%, 0, 0, 3, 32.93, 26983, 342, 0, 0
341, 0, 163, 189, 119, 6, 33.89%, 0, 0, 3, 33.33, 27157, 342, 0, 0
347, 0, 163, 189, 119, 6, 33.89%, 0, 0, 3, 34.09, 27338, 342, 0, 0
352, 0, 163, 189, 119, 6, 33.89%, 0, 0, 3, 34.25, 27518, 342, 0, 0
357, 0, 163, 189, 119, 6, 33.89%, 0, 0, 3, 33.90, 27694, 342, 0, 0
362, 0, 163, 190, 120, 6, 33.89%, 0, 0, 3, 34.86, 27870, 342, 0, 0
367, 0, 163, 190, 120, 6, 33.89%, 0, 0, 3, 33.53, 28043, 342, 0, 0
372, 0, 163, 190, 120, 6, 33.89%, 0, 0, 3, 35.58, 28229, 342, 0, 0
377, 0, 163, 190, 120, 6, 33.89%, 0, 0, 3, 34.87, 28408, 342, 0, 0
383, 0, 163, 191, 121, 6, 33.89%, 0, 0, 3, 33.86, 28589, 342, 0, 0
388, 0, 163, 191, 121, 6, 33.89%, 0, 0, 3, 34.16, 28761, 342, 0, 0
393, 0, 163, 191, 121, 6, 33.89%, 0, 0, 3, 34.01, 28930, 342, 0, 0
398, 0, 163, 191, 121, 6, 33.89%, 0, 0, 3, 34.37, 29107, 342, 0, 0
403, 0, 163, 191, 121, 6, 33.89%, 0, 0, 3, 33.97, 29283, 342, 0, 0
408, 0, 163, 191, 121, 6, 33.89%, 0, 0, 3, 33.98, 29458, 342, 0, 0
413, 0, 163, 191, 121, 6, 33.89%, 0, 0, 3, 33.53, 29630, 342, 0, 0
418, 0, 163, 192, 122, 6, 33.89%, 0, 0, 3, 33.02, 29800, 342, 0, 0
425, 0, 164, 192, 121, 13, 33.89%, 0, 0, 3, 33.56, 30030, 342, 0, 0
430, 0, 164, 193, 122, 13, 33.89%, 0, 0, 3, 36.20, 30201, 342, 0, 0
435, 0, 164, 195, 124, 13, 33.89%, 0, 0, 3, 36.43, 30384, 342, 0, 0
441, 0, 164, 195, 124, 13, 33.89%, 0, 0, 3, 35.56, 30570, 342, 0, 0
446, 0, 165, 195, 123, 14, 33.89%, 0, 0, 3, 34.51, 30743, 342, 0, 0
451, 0, 165, 195, 123, 14, 33.89%, 0, 0, 3, 35.65, 30923, 342, 0, 0
456, 0, 171, 196, 123, 13, 33.89%, 0, 0, 4, 35.33, 31093, 342, 0, 0
461, 0, 171, 197, 124, 13, 33.99%, 0, 0, 4, 35.18, 31266, 343, 0, 0
466, 0, 171, 197, 124, 13, 33.99%, 0, 0, 4, 34.06, 31442, 343, 0, 0
471, 0, 166, 197, 123, 13, 33.99%, 0, 0, 4, 34.35, 31617, 343, 0, 0
476, 0, 169, 197, 122, 12, 33.99%, 0, 0, 4, 36.19, 31803, 343, 0, 0
481, 0, 169, 199, 124, 12, 33.99%, 0, 0, 4, 33.79, 31971, 343, 0, 0
486, 0, 169, 201, 126, 12, 34.19%, 0, 0, 4, 33.77, 32147, 345, 0, 0
491, 0, 169, 201, 126, 12, 34.19%, 0, 0, 4, 35.19, 32328, 345, 0, 0
497, 0, 169, 202, 127, 12, 34.19%, 0, 0, 4, 34.14, 32501, 345, 0, 0
502, 0, 169, 203, 128, 12, 34.29%, 0, 0, 4, 32.25, 32663, 346, 0, 0
507, 0, 169, 203, 128, 12, 34.29%, 0, 0, 4, 32.20, 32833, 346, 0, 0
512, 0, 169, 205, 130, 12, 34.29%, 0, 0, 4, 34.24, 33010, 346, 0, 0
517, 0, 169, 206, 131, 12, 34.29%, 0, 0, 4, 34.83, 33188, 346, 0, 0
522, 0, 169, 208, 133, 12, 34.29%, 0, 0, 4, 33.87, 33356, 346, 0, 0
527, 0, 169, 208, 133, 12, 34.29%, 0, 0, 4, 34.30, 33534, 346, 0, 0
532, 0, 169, 208, 133, 12, 34.29%, 0, 0, 4, 32.57, 33674, 346, 0, 0
537, 0, 169, 208, 133, 12, 34.29%, 0, 0, 4, 33.93, 33845, 346, 0, 0
542, 0, 169, 208, 133, 12, 34.29%, 0, 0, 4, 35.32, 34025, 346, 0, 0
548, 0, 169, 208, 133, 12, 34.29%, 0, 0, 4, 33.69, 34197, 346, 0, 0
553, 0, 169, 208, 133, 12, 34.29%, 0, 0, 4, 34.06, 34371, 346, 0, 0
558, 0, 169, 211, 136, 12, 34.29%, 0, 0, 4, 34.78, 34550, 346, 0, 0
563, 0, 169, 212, 137, 12, 34.29%, 0, 0, 4, 34.53, 34722, 346, 0, 0
568, 0, 169, 212, 137, 12, 34.29%, 0, 0, 4, 33.45, 34896, 346, 0, 0
573, 0, 169, 212, 137, 12, 34.29%, 0, 0, 4, 35.99, 35084, 346, 0, 0
578, 0, 169, 213, 138, 12, 34.29%, 0, 0, 4, 35.46, 35266, 346, 0, 0
583, 0, 169, 213, 138, 12, 34.29%, 0, 0, 4, 34.75, 35447, 346, 0, 0
589, 0, 169, 213, 138, 12, 34.29%, 0, 0, 4, 33.58, 35618, 346, 0, 0
594, 0, 169, 213, 138, 12, 34.29%, 0, 0, 4, 34.48, 35794, 346, 0, 0
599, 0, 169, 213, 138, 12, 34.29%, 0, 0, 4, 34.87, 35974, 346, 0, 0
604, 0, 169, 214, 139, 12, 34.29%, 0, 0, 4, 35.68, 36160, 346, 0, 0
609, 0, 169, 215, 140, 12, 34.29%, 0, 0, 4, 34.00, 36332, 346, 0, 0
614, 0, 169, 215, 140, 12, 34.29%, 0, 0, 4, 34.17, 36506, 346, 0, 0
619, 0, 169, 216, 141, 12, 34.29%, 0, 0, 4, 34.89, 36687, 346, 0, 0
624, 0, 169, 216, 141, 12, 34.29%, 0, 0, 4, 34.90, 36846, 346, 0, 0
630, 0, 169, 216, 141, 12, 34.29%, 0, 0, 4, 33.82, 37023, 346, 0, 0
635, 0, 169, 216, 141, 12, 34.29%, 0, 0, 4, 34.30, 37198, 346, 0, 0
640, 0, 169, 216, 141, 12, 34.29%, 0, 0, 4, 34.13, 37375, 346, 0, 0
645, 0, 169, 216, 141, 12, 34.29%, 0, 0, 4, 34.50, 37552, 346, 0, 0
650, 0, 169, 217, 142, 12, 34.29%, 0, 0, 4, 33.83, 37727, 346, 0, 0
655, 0, 169, 217, 142, 12, 34.29%, 0, 0, 4, 33.60, 37900, 346, 0, 0
661, 0, 169, 217, 142, 12, 34.29%, 0, 0, 4, 33.66, 38076, 346, 0, 0
666, 0, 169, 218, 143, 12, 34.29%, 0, 0, 4, 35.39, 38258, 346, 0, 0
671, 0, 169, 218, 143, 12, 34.29%, 0, 0, 4, 35.05, 38437, 346, 0, 0
676, 0, 169, 218, 143, 12, 34.29%, 0, 0, 4, 34.80, 38598, 346, 0, 0
681, 0, 169, 218, 143, 12, 34.29%, 0, 0, 4, 33.80, 38771, 346, 0, 0
686, 0, 169, 218, 143, 12, 34.29%, 0, 0, 4, 34.12, 38948, 346, 0, 0
688, 0, 169, 219, 144, 12, 34.79%, 0, 0, 4, 33.30, 39028, 351, 0, 0
