# relative_time, cycles_done, cur_item, corpus_count, pending_total, pending_favs, map_size, saved_crashes, saved_hangs, max_depth, execs_per_sec, total_execs, edges_found, total_crashes, servers_count
64, 0, 35, 262, 233, 17, 34.68%, 0, 37, 2, 460.34, 14027, 386, 0, 0
69, 0, 93, 267, 235, 31, 35.13%, 0, 39, 2, 474.42, 15434, 391, 0, 0
74, 0, 93, 280, 248, 31, 36.66%, 0, 42, 2, 410.17, 16377, 408, 0, 0
80, 0, 93, 287, 255, 31, 37.38%, 0, 46, 2, 55.84, 17286, 416, 0, 0
85, 0, 93, 291, 259, 31, 37.92%, 0, 49, 2, 413.12, 18184, 422, 0, 0
91, 0, 93, 303, 271, 31, 38.10%, 0, 51, 2, 417.91, 19532, 424, 0, 0
96, 0, 93, 309, 277, 31, 39.17%, 0, 53, 2, 435.41, 20762, 436, 0, 0
101, 0, 93, 313, 281, 31, 39.44%, 0, 55, 2, 400.00, 22050, 439, 0, 0
106, 0, 93, 317, 285, 31, 39.53%, 0, 57, 2, 432.53, 23383, 440, 0, 0
112, 0, 93, 322, 290, 31, 39.71%, 0, 59, 2, 44.03, 25082, 442, 0, 0
117, 0, 93, 327, 295, 31, 40.34%, 0, 59, 2, 405.01, 27242, 449, 0, 0
123, 0, 209, 332, 297, 29, 40.34%, 0, 60, 2, 402.01, 28947, 449, 0, 0
128, 0, 95, 337, 295, 22, 40.61%, 0, 60, 3, 393.84, 30667, 452, 0, 0
133, 0, 182, 341, 288, 12, 40.70%, 0, 60, 3, 371.91, 32492, 453, 0, 0
139, 0, 338, 346, 284, 4, 40.79%, 0, 61, 3, 52.63, 34207, 454, 0, 0
144, 0, 338, 354, 292, 4, 40.79%, 0, 61, 3, 395.02, 36206, 454, 0, 0
149, 0, 338, 356, 294, 4, 40.79%, 0, 61, 3, 398.01, 38285, 454, 0, 0
154, 0, 338, 358, 296, 4, 40.79%, 0, 61, 3, 394.92, 40266, 454, 0, 0
159, 0, 338, 360, 298, 4, 40.79%, 0, 61, 3, 395.66, 42254, 454, 0, 0
164, 0, 338, 361, 299, 4, 40.79%, 0, 61, 3, 397.53, 44256, 454, 0, 0
169, 0, 338, 362, 300, 4, 40.79%, 0, 61, 3, 393.19, 46300, 454, 0, 0
174, 0, 276, 364, 295, 3, 40.79%, 0, 61, 3, 386.48, 48348, 454, 0, 0
180, 0, 361, 368, 288, 2, 40.79%, 0, 61, 4, 409.14, 50588, 454, 0, 0
185, 0, 360, 372, 286, 2, 40.79%, 0, 61, 4, 393.17, 52591, 454, 0, 0
187, 0, 196, 372, 282, 1, 40.79%, 0, 61, 4, 374.22, 53162, 454, 0, 0
247, 0, 375, 397, 302, 5, 42.05%, 0, 62, 4, 391.81, 74881, 468, 0, 0
253, 0, 375, 397, 302, 5, 42.05%, 0, 62, 4, 395.43, 76876, 468, 0, 0
258, 0, 375, 398, 303, 5, 42.14%, 0, 62, 4, 392.48, 78841, 469, 0, 0
263, 0, 375, 398, 303, 5, 42.14%, 0, 62, 4, 392.99, 80801, 469, 0, 0
268, 0, 378, 399, 303, 10, 42.14%, 0, 62, 4, 385.04, 83071, 469, 0, 0
274, 0, 398, 399, 299, 6, 42.14%, 0, 62, 4, 349.67, 84818, 469, 0, 0
279, 0, 102, 399, 293, 3, 42.14%, 0, 62, 4, 319.41, 86389, 469, 0, 0
285, 0, 342, 399, 289, 3, 42.14%, 0, 62, 4, 355.93, 88862, 469, 0, 0
290, 0, 391, 399, 282, 1, 42.14%, 0, 62, 4, 337.68, 90527, 469, 0, 0
295, 0, 399, 401, 276, 1, 42.14%, 0, 62, 4, 333.37, 92160, 469, 0, 0
300, 0, 399, 402, 276, 0, 42.14%, 0, 62, 4, 319.22, 93783, 469, 0, 0
305, 0, 215, 402, 270, 0, 42.14%, 0, 62, 4, 362.96, 95636, 469, 0, 0
310, 0, 27, 402, 265, 0, 42.14%, 0, 62, 4, 355.47, 97354, 469, 0, 0
315, 0, 394, 403, 259, 0, 42.23%, 0, 62, 4, 363.80, 99163, 470, 0, 0
320, 0, 392, 404, 257, 0, 42.23%, 0, 62, 4, 345.99, 100818, 470, 0, 0
325, 0, 120, 404, 249, 0, 42.23%, 0, 62, 4, 376.89, 102744, 470, 0, 0
331, 0, 374, 406, 244, 0, 42.41%, 0, 62, 4, 364.35, 104673, 472, 0, 0
337, 0, 406, 407, 244, 1, 42.41%, 0, 62, 4, 395.89, 107233, 472, 0, 0
343, 0, 113, 407, 241, 0, 42.41%, 0, 62, 4, 378.18, 109038, 472, 0, 0
348, 0, 389, 408, 238, 0, 42.41%, 0, 62, 4, 370.09, 110937, 472, 0, 0
353, 0, 111, 410, 239, 0, 42.50%, 0, 62, 4, 355.90, 112770, 473, 0, 0
358, 0, 170, 410, 235, 0, 42.50%, 0, 62, 4, 352.55, 114549, 473, 0, 0
363, 0, 391, 410, 231, 0, 42.50%, 0, 62, 4, 386.49, 116527, 473, 0, 0
368, 0, 409, 410, 227, 0, 42.50%, 0, 62, 4, 382.11, 118456, 473, 0, 0
373, 0, 404, 410, 226, 0, 42.50%, 0, 62, 4, 383.50, 120435, 473, 0, 0
378, 0, 390, 410, 224, 0, 42.50%, 0, 62, 4, 335.41, 122101, 473, 0, 0
384, 0, 253, 411, 225, 0, 42.50%, 0, 62, 4, 37.97, 123867, 473, 0, 0
389, 0, 397, 412, 223, 0, 42.68%, 0, 62, 4, 364.90, 125711, 475, 0, 0
394, 0, 402, 412, 220, 0, 42.68%, 0, 62, 4, 385.80, 127644, 475, 0, 0
399, 0, 249, 412, 217, 0, 42.68%, 0, 62, 4, 394.00, 129606, 475, 0, 0
404, 0, 22, 412, 213, 0, 42.68%, 0, 62, 4, 407.20, 131721, 475, 0, 0
409, 0, 324, 412, 208, 0, 42.68%, 0, 62, 4, 394.49, 133787, 475, 0, 0
414, 0, 225, 415, 211, 0, 42.86%, 0, 62, 4, 318.22, 135298, 477, 0, 0
420, 0, 225, 416, 212, 0, 42.95%, 0, 63, 4, 27.98, 136595, 478, 0, 0
425, 0, 225, 417, 213, 0, 42.95%, 0, 63, 4, 308.79, 138149, 478, 0, 0
430, 0, 225, 418, 214, 0, 42.95%, 0, 63, 4, 308.07, 139703, 478, 0, 0
435, 0, 225, 419, 215, 0, 42.95%, 0, 63, 4, 304.22, 141222, 478, 0, 0
440, 0, 293, 420, 213, 1, 42.95%, 0, 63, 4, 325.78, 142869, 478, 0, 0
445, 0, 389, 420, 207, 0, 42.95%, 0, 63, 4, 375.23, 144771, 478, 0, 0
450, 0, 19, 420, 204, 0, 42.95%, 0, 63, 4, 363.85, 146620, 478, 0, 0
455, 0, 104, 421, 202, 0, 43.13%, 0, 63, 4, 349.84, 148370, 480, 0, 0
461, 0, 146, 422, 200, 0, 43.13%, 0, 63, 4, 345.56, 150660, 480, 0, 0
466, 0, 372, 424, 201, 0, 43.13%, 0, 63, 4, 368.37, 152513, 480, 0, 0
471, 0, 372, 424, 201, 0, 43.13%, 0, 63, 4, 379.01, 154438, 480, 0, 0
476, 0, 372, 424, 201, 0, 43.13%, 0, 63, 4, 371.37, 156307, 480, 0, 0
481, 0, 398, 424, 199, 0, 43.13%, 0, 63, 4, 379.61, 158234, 480, 0, 0
487, 0, 389, 425, 199, 0, 43.13%, 0, 63, 4, 361.90, 160087, 480, 0, 0
492, 0, 341, 426, 199, 0, 43.13%, 0, 63, 4, 378.11, 162038, 480, 0, 0
497, 0, 303, 426, 197, 0, 43.13%, 0, 63, 4, 387.81, 164017, 480, 0, 0
501, 0, 403, 426, 195, 0, 43.13%, 0, 63, 4, 403.09, 165676, 480, 0, 0
